0
0
0
0
0
0
0
0
0
0
0
0
0
0
0
0
0
4.562753217639621775e-17
1.377003716909956116e-16
4.930404095704501954e-16
1.87928958307459947e-15
7.276681265197840312e-15
2.805799673041445979e-14
1.057290706777482671e-13
3.885973936191167325e-13
1.391263239447756011e-12
4.849231376578934625e-12
1.645351156312853724e-11
5.433163965601160893e-11
1.745621238101695208e-10
5.455513699730706651e-10
1.65800494055416153e-09
4.898546152034595285e-09
1.40649006841899732e-08
3.923199990269993256e-08
1.062707043578532991e-07
2.794340041910191386e-07
7.129324043162494958e-07
1.764081302434076343e-06
4.231302043238362209e-06
9.832966971104060817e-06
2.2126159684943404e-05
4.818155292258274484e-05
0.0001014705249045154314
0.0002065415705475782038
0.0004060768895704432472
0.0007706904900551018404
0.001411208238612858372
0.002492094475050188676
0.00424332334295918559
0.006966833463413150268
0.01103350082983719019
0.01686794640295733588
0.0249214450355017339
0.03563677902451491131
0.04941156099747239655
0.06656710201033215479
0.08732813236192941975
0.1118155059396319234
0.1400508088278316354
0.1719696119629421371
0.2074393142068061413
0.2462778623808394574
0.2882705773568932095
0.333183354387892261
0.3807713035590941653
0.4307822779251270218
0.4829546020796792183
0.5370075004148732178
0.5926207960104347139
0.6493962507182612365
0.7067834104920963645
0.7639298147304603992
0.8193565978902674907
0.8702123807828298085
0.910640135730781286
0.9305821743719326911
0.9320641133685374502
0.9314290607483857176
0.9309730202071643257
0.9306592197130011401
0.9304358688753217033
0.9302722065886209757
0.9301461659331534682
0.9300324870612806105
0.9298911335588974092
0.9296519435256483943
0.9291860875304950307
0.9282589948327207852
0.9264543921309378316
0.9230512180486651896
0.9168428930814275235
0.9058795295835225803
0.8871217953004932877
0.8560428556609830375
0.8063168912712024294
0.7300897346079464612
0.6201048600223936225
0.4759196820743955003
0.3142971725585810838
0.1713783944253168545
0.07741528171770792333
0.03058738436073759476
0.01122578782943339619
0.003965005783164075003
0.00136806319851812434
0.0004634227738721208539
0.0001542887987764125649
5.047253611712941692e-05
1.621186858890489348e-05
5.108892730833924272e-06
1.578379624533693002e-06
4.777439560258858485e-07
1.41586652386971228e-07
4.106502280170465854e-08
1.165079900755838107e-08
3.232309875661904487e-09
8.766144855734858263e-10
2.323426521776337554e-10
6.016971194874831499e-11
1.522223910440704731e-11
3.761692155028394924e-12
9.079208492351746072e-13
2.139900875055353347e-13
4.921711510771505593e-14
1.101946817745649895e-14
2.41660390906266635e-15
5.033196923448813678e-16
