0
0
0
0
0
0
0
0
0
0
0
0
0
0
0
0
0
0
0
0
0
0
0
0
0
0
0
0
0
0
0
0
0
0
0
0
0
0
0
0
0
0
0
0
0
0
0
0
0
0
0
0
0
0
0
0
0
0
0
0
1.630702885986816977e-11
8.129019473288369913e-10
2.116340877628836508e-08
3.378009593770516395e-07
3.789185432383911077e-06
3.178062201283777242e-05
0.0002075883355611543623
0.001079244119409418588
0.004535721174922092806
0.01558467920176801608
0.04448900435115077379
0.1077992978074862052
0.2288273505352761417
0.441734457931365343
0.7536925612155742638
0.8341377068580649867
0.6975330541276718588
0.4588988777382394524
0.2068321879069556224
0.05827625088554868465
0.01126417556481457659
0.001692322644155546405
0.0002040571804795887677
1.943620808107497885e-05
1.403016087664473808e-06
7.196377964484079689e-08
2.307466379490000241e-09
3.8472147712162592e-11
0
0
0
0
0
0
0
0
0
0
0
0
0
0
0
0
0
0
0
0
0
0
0
0
0
0
0
0
0
0
0
0
0
0
0
0
0
0
0
0
