2.500000000000000444
2.500000000000000444
2.500000000000000444
2.500000000000000444
2.500000000000000444
2.500000000000000444
2.500000000000000444
2.500000000000000444
2.500000000000000444
2.500000000000000444
2.500000000000000444
2.500000000000000444
2.500000000000000444
2.500000000000000444
2.500000000000000444
2.500000000000000444
2.500000000000000444
2.500000000000000444
2.500000000000000444
2.500000000000000444
2.500000000000000444
2.500000000000000444
2.500000000000000444
2.500000000000000444
2.500000000000000444
2.500000000000000444
2.5
2.499999999999999556
2.499999999999997335
2.499999999999985789
2.499999999999930278
2.499999999999683808
2.4999999999986251
2.499999999994227728
2.499999999976597387
2.499999999908361747
2.499999999653525151
2.499999998735442208
2.499999995546013487
2.499999984865976188
2.499999950410631833
2.499999843373480246
2.499999523373968913
2.499998603319004253
2.49999606112990147
2.499989316236212566
2.499972148271994321
2.499930269130437033
2.499832472769540459
2.499614122452735288
2.499148641004574678
2.498202537314231364
2.496371859806349569
2.493004541427246146
2.487124435419834079
2.477386173144975334
2.462097968252920488
2.439342562542869963
2.407199792945754702
2.364034966424838569
2.308784268258186501
2.241161061411290678
2.161730680009903427
2.071843853919156597
1.973459354022396361
1.868909054850529827
1.760659848872747402
1.651113287728328993
1.542465505984583984
1.436635059954048277
1.33525956009403135
1.239766618848003432
1.151548656157669548
1.072332540798297984
1.005036129401168266
0.95565669161465161
0.934473713594799138
0.9320113905491984596
0.9300071250130961253
0.9263373670910569624
0.9207594408303569899
0.9133610780575340815
0.9045273360600099011
0.8947363618016772602
0.8841767989742889133
0.8722868629510445171
0.8573077992115474277
0.8359415774683757183
0.8032931545518062766
0.7534434060946152423
0.6814113564229994369
0.5872210058633668961
0.4810218064298728557
0.3834418169781194097
0.3139848799784302757
0.2761396487390787025
0.2595900016408113631
0.2533062987393654431
0.2510976786683580819
0.2503542576832165079
0.2501114265866355435
0.2500341590345988019
0.2500101990378367778
0.2500029633025035447
0.2500008371534999663
0.2500002297954385111
0.2500000612530066668
0.2500000158470572775
0.2500000039776562044
0.2500000009683130964
0.2500000002285552858
0.2500000000522938359
0.2500000000115959464
0.2500000000024915625
0.2500000000005188072
0.2500000000001046385
0.2500000000000204836
0.2500000000000039968
0.2500000000000007772
0.250000000000000222
0.2500000000000000555
0.2500000000000000555
0.2500000000000000555
0.2500000000000000555
0.2500000000000000555
0.2500000000000000555
0.2500000000000000555
0.2500000000000000555
