1
1
1
1
1
1
1
1
1
1
1
1
1
1
1
1
1
1
1
1
1
1
1
1
1
1
1
0.999999999999999778
0.9999999999999991118
0.9999999999999955591
0.9999999999999797939
0.9999999999999096278
0.999999999999606759
0.9999999999983506527
0.9999999999933135708
0.9999999999738171663
0.9999999999010074081
0.9999999996386979007
0.9999999987274319491
0.9999999956759930697
0.999999985831608762
0.9999999552495641986
0.9999998638211192725
0.9999996009481633141
0.9999988746075857415
0.999996947489208643
0.9999920423181254403
0.9999800766182200817
0.9999521335268027888
0.9998897412755718417
0.9997567167300259738
0.9994862752342021928
0.9989627387504349532
0.9979989472043239163
0.9963135123780075819
0.9935155714311991737
0.9891067605205452473
0.9825083582529435811
0.9731149331889742404
0.9603663705858269672
0.9438224066186525762
0.9232219901162790343
0.8985148234713526971
0.8698614524104624213
0.8376069340559058052
0.8022383004941484597
0.7643370606742558859
0.7245360581121791377
0.6834870380526160139
0.6418429766987626683
0.6002590749983625074
0.5594191358705749018
0.5201069499445399869
0.4833557162999250201
0.450861617988522756
0.425879878301650916
0.4136942227585076459
0.4094210142925646112
0.403376058217689959
0.3937656198823630271
0.3800792486849197127
0.36267561203222487
0.3428644510311814608
0.3225750371210880374
0.3037352370227850429
0.2876544330964322937
0.2746520792541041756
0.2640067197003880817
0.2541605498342064395
0.2430685901907485569
0.2287015551076648223
0.2098293196007979811
0.1871366570046504307
0.164021467581519087
0.1453472095611609005
0.1338442293698611785
0.128353348864336525
0.1261719848471939132
0.1253910317696196042
0.1251264148199556503
0.1250397845464790159
0.1250121986336711344
0.1250036424206155961
0.1250010583143175702
0.12500029898274026
0.125000082069749191
0.1250000218760701221
0.1250000056596629883
0.1250000014205914778
0.1250000003458260345
0.1250000000816269274
0.1250000000186763105
0.1250000000041413817
0.1250000000008898438
0.1250000000001852407
0.1250000000000373868
0.125000000000007272
0.1250000000000013323
0.1250000000000002776
0.1250000000000000278
0.125
0.125
0.125
0.125
0.125
0.125
0.125
0.125
