0
0
0
0
0
0
0
0
0
0
0
0
0
0
0
0
0
0
0
0
0
0
0
0
0
0
0
0
0
0
0
0
0
0
0
0
0
0
0
0
0
0
0
0
0
0
0
0
4.424731413168959183e-17
6.949596423255496442e-16
1.191287972926087251e-14
1.720582272250750907e-13
2.121548439076464772e-12
2.263639091042788748e-11
2.112451495318891848e-10
1.738647517880589877e-09
1.270177505678428767e-08
8.276688846799674782e-08
4.827689285792469785e-07
2.526840590979194396e-06
1.188506473365925994e-05
5.02618771318810896e-05
0.0001910526823426238771
0.0006520981058499464734
0.001995916340794092088
0.005472851415798023547
0.01344898785972643319
0.02970356796373292002
0.05931916636995731434
0.1080949466667272402
0.1817663043124806699
0.2854281600298292365
0.4231630331524652844
0.596536464892102325
0.7893682124137972878
0.9106354512854122341
0.9169604990426051261
0.8804648529581218241
0.8058968732029452298
0.6763286520916792499
0.4873534867286313244
0.2750096188811601561
0.1128976784652571258
0.03474197086825919073
0.008878120363893139341
0.002016071606749888102
0.0004160935635152855161
7.835371608962380947e-05
1.344145678221590711e-05
2.094363842039455783e-06
2.953378299308365432e-07
3.753583936480306574e-08
4.278716532898050371e-09
4.348846824134862915e-10
3.913038605377686768e-11
3.089302259381409403e-12
2.115747713040625426e-13
1.238136837261688805e-14
6.11020343860649431e-16
2.277664899239916664e-17
0
0
0
0
0
0
0
0
0
0
0
0
0
0
0
0
0
0
0
0
0
0
0
0
0
0
0
0
