0
0
0
0
0
0
0
0
0
0
0
0
0
0
0
0
0
0
0
0
0
0
0
0
0
0
0
0
0
0
2.872784746993821775e-17
1.163648365423008205e-16
4.728784372307811887e-16
2.418318185602722618e-15
1.288839926481037152e-14
6.650022030561291141e-14
3.295949961260561824e-13
1.568112155716208701e-12
7.160982572132745942e-12
3.13774183332602006e-11
1.318987810932208693e-10
5.318067158921228666e-10
2.05608696763012509e-09
7.620116068597557473e-09
2.706096912526105531e-08
9.20420009790579325e-08
2.996798170575954531e-07
9.33452221277760891e-07
2.77964212330005258e-06
7.906960638281456769e-06
2.146728690456536166e-05
5.55745691423156806e-05
0.0001370427443599903192
0.0003215452400940226377
0.0007170608102667064276
0.001518284390754601589
0.003049848923726252575
0.005809503527304334461
0.01049509379631834508
0.01799644432653154519
0.02934024667425367411
0.04559266886754201331
0.06774254192695218502
0.09659654855767660364
0.1327117385508676528
0.1763746149229737659
0.2276195264989044065
0.2862689728456162541
0.3519753683680086342
0.4242438094766155521
0.5024119449006028137
0.5855462913179310114
0.6721620926994920087
0.7595275017226503778
0.8418973048705982176
0.9065444928739471164
0.9321431513371506439
0.9331079351257611787
0.9324831265378096257
0.9319006184128451054
0.9310329392834094664
0.9292604126127821385
0.92550947045059484
0.9179116601146117826
0.9033381019924684452
0.8768381410185199787
0.8311802151987689458
0.7570522559901379234
0.6452737103134457142
0.4938344003429265827
0.3207469096285698873
0.1681265935328430106
0.07120900692502574181
0.02591539842999117729
0.008654645094150599516
0.002748688049972677471
0.0008414299611798740659
0.0002491971870302973836
7.142529340798933941e-05
1.980024941373088288e-05
5.304524361789169115e-06
1.372305498200131451e-06
3.426116866488654568e-07
8.250211688701363403e-08
1.915326861887369974e-08
4.28518390305198863e-09
9.236373656620209492e-10
1.917396668042182107e-10
3.832507666497746672e-11
7.373889482144838675e-12
1.36538712686766907e-12
2.432779628222954307e-13
4.167515196878591704e-14
6.864025978058111959e-15
1.132033532379084713e-15
1.642295392037670834e-16
9.575949156646072069e-18
0
0
0
0
0
0
0
0
0
0
0
