0
0
0
0
0
0
0
0
0
0
0
0
0
0
0
0
0
0
0
0
0
0
0
0
0
0
0
0
0
0
0
0
0
0
0
0
0
0
0
0
0
0
0
0
0
0
0
0
4.424731413168959183e-17
6.949596423255491511e-16
1.191287972926075102e-14
1.720582272250500743e-13
2.121548439072660872e-12
2.263639090999481966e-11
2.112451494941745827e-10
1.738647515325777414e-09
1.270177492043125151e-08
8.276688267838782522e-08
4.82768731602685889e-07
2.526835194737390114e-06
1.188494535193377187e-05
5.025974208063602292e-05
0.0001910218346029238668
0.0006517387717127226011
0.001992550998405511961
0.00544756761550594347
0.01329657039169914595
0.02896277087512969667
0.05638476730907858447
0.09846394078268123906
0.1550334423509748261
0.2212840183839988872
0.2873844615362927124
0.33797062985152998
0.3601728748081775011
0.3475367983339916478
0.3106046223781089299
0.2609643640577212764
0.2058070461650469696
0.1479039132615824759
0.09039088947034928934
0.04319325879529251067
0.0155788107600340793
0.004483356945958435688
0.001119032867077486689
0.0002524884386338647297
5.203213880050564096e-05
9.794939600184774829e-06
1.680203437456709681e-06
2.617959983437479563e-07
3.691723904376836858e-08
4.691980087015679952e-09
5.348395687746164326e-10
5.436058532402403152e-11
4.891298256902961323e-12
3.861627824238034513e-13
2.644684641301310319e-14
1.54767104657712915e-15
7.637754298258121585e-17
2.84708112404989583e-18
0
0
0
0
0
0
0
0
0
0
0
0
0
0
0
0
0
0
0
0
0
0
0
0
0
0
0
0
