0
0
0
0
0
0
0
0
0
0
0
0
0
0
0
0
0
0
0
0
0
2.187077807782510721e-17
1.018083337635637863e-16
3.833701624487516274e-16
1.67775912904140801e-15
7.047874972534826799e-15
2.934326475241569266e-14
1.193384504883137995e-13
4.713518361778353535e-13
1.807480311842262436e-12
6.725565872730250356e-12
2.427801808911833453e-11
8.500411516811067636e-11
2.88601849377101707e-10
9.498707884067992192e-10
3.029690546332537464e-09
9.361591554639746435e-09
2.801266778592930119e-08
8.113978793355334494e-08
2.274017713095370502e-07
6.163454131660071488e-07
1.61472102889914201e-06
4.086659875650672509e-06
9.985575381492690377e-06
2.354118603302489225e-05
5.350977904190080535e-05
0.000117184739332238641
0.000247067701433931349
0.0005011213929929912193
0.0009771144418977419869
0.001830461976213124467
0.003293087760126004772
0.005688584821660534752
0.009437369668100992204
0.01504598311882452549
0.02307801494555263705
0.03410963239577283895
0.04867807772323853865
0.06723410568732485215
0.09010789474215909201
0.1174934074704874626
0.1494508060406740391
0.1859224940281894445
0.2267566046630624388
0.2717320070538053467
0.3205802406382874392
0.3730012667036445295
0.4286708489681670398
0.4872372467037742183
0.5483031126107279496
0.6113836565975180326
0.6758206107211943703
0.7406031497918016404
0.8039733421067362107
0.86250162545698561
0.9090062159910936579
0.93090621841654142
0.9322759831192481972
0.9316417164258906647
0.9311989711849623097
0.9309078730524554812
0.9307047251983309177
0.9305348877341609315
0.9303287832666199408
0.9299695577962444615
0.9292455112826304431
0.92777512788341987
0.9248811182781020435
0.9193962893634055611
0.9093956925710903194
0.8918236659405197608
0.8620701184469243827
0.8136339011960286305
0.7383542739263727617
0.6285003917721138089
0.4830810030651478959
0.3187673607858654279
0.1728424662123257127
0.07714739832104387796
0.0299581040043539748
0.01076574887942131561
0.003711430525627803373
0.001245764571890277004
0.0004090674371768775902
0.0001315262246997891851
4.139203884876250389e-05
1.274026609169158858e-05
3.832220656011195119e-06
1.125678506875123987e-06
3.226947919553371755e-07
9.022892279954804377e-08
2.459662301996108323e-08
6.53451404666622479e-09
1.691294492998822545e-09
4.263602984705710232e-10
1.046619717762473645e-10
2.501355175450588502e-11
5.819170057815898504e-12
1.317583554555947393e-12
2.904205503538404949e-13
6.233380020608474455e-14
1.306757682982652851e-14
2.628192829367133281e-15
5.042936186082480017e-16
1.004457690681737911e-16
0
0
0
