2.500000000000000444
2.500000000000000444
2.500000000000000444
2.500000000000000444
2.500000000000000444
2.500000000000000444
2.500000000000000444
2.500000000000000444
2.500000000000000444
2.500000000000000444
2.500000000000000444
2.500000000000000444
2.500000000000000444
2.500000000000000444
2.500000000000000444
2.500000000000000444
2.500000000000000444
2.500000000000000444
2.500000000000000444
2.500000000000000444
2.500000000000000444
2.500000000000000444
2.5
2.499999999999999112
2.499999999999995559
2.499999999999979572
2.499999999999913847
2.499999999999647393
2.49999999999860556
2.49999999999465361
2.49999999998010658
2.49999999992818589
2.499999999748555801
2.499999999146305107
2.499999997190244905
2.499999991038055036
2.499999972308039276
2.499999917137413874
2.499999759985287895
2.499999327336622112
2.499998176826640162
2.49999522359725157
2.499987911537802088
2.499970462508903424
2.499930365540696364
2.499841722590083748
2.49965339426871358
2.499269301354164696
2.498518220128024048
2.497111744691228985
2.494592647886634929
2.490281998225719828
2.483240948445020635
2.472268792972084128
2.455957871347234978
2.432814558104231306
2.401435206552505086
2.360704157240130385
2.3099684767644586
2.249147998983395347
2.178758041330817186
2.099846991488758086
2.0138713495955054
1.922540455164640116
1.827661769136379677
1.731009169803676251
1.63422623839396941
1.538767687888920044
1.445876747673118468
1.356594911389472635
1.271803218942536784
1.19230275120235607
1.118962729473522932
1.053015398248572598
0.9967173479529711777
0.9548188345696856372
0.9356383379327046779
0.9336926895887376343
0.9328654323832568096
0.930987156806361793
0.9277480009393062055
0.9229616209415254513
0.9166554355390561515
0.9091265006343658417
0.9008677472386339424
0.8923696647822285666
0.8838492809497306979
0.8749697609876408988
0.8645797529450222063
0.8504699271332463173
0.8291902614133077609
0.7960470042707079585
0.7456581584354204928
0.6737618293480910348
0.580940170961586011
0.4772340290642399507
0.382250869213554334
0.3143276440675331074
0.2768268741211112327
0.2600951008071949455
0.2535839560359579026
0.2512301924133179543
0.2504123045813316795
0.250135319079199947
0.250043501560945014
0.2500136894584654712
0.2500042134777169522
0.2500012673906019112
0.2500003722834074349
0.250000106721290194
0.2500000298404128629
0.2500000081345686298
0.2500000021610874201
0.2500000005593431274
0.2500000001410054851
0.2500000000346138118
0.2500000000082725493
0.2500000000019245716
0.2500000000004358736
0.2500000000000961453
0.2500000000000207057
0.2500000000000043854
0.2500000000000008882
0.250000000000000222
0.2500000000000000555
0.2500000000000000555
0.2500000000000000555
0.2500000000000000555
