2.500000000000000444
2.500000000000000444
2.500000000000000444
2.500000000000000444
2.500000000000000444
2.500000000000000444
2.500000000000000444
2.500000000000000444
2.500000000000000444
2.500000000000000444
2.500000000000000444
2.500000000000000444
2.500000000000000444
2.500000000000000444
2.500000000000000444
2.500000000000000444
2.500000000000000444
2.500000000000000444
2.500000000000000444
2.500000000000000444
2.500000000000000444
2.500000000000000444
2.500000000000000444
2.500000000000000444
2.500000000000000444
2.500000000000000444
2.500000000000000444
2.500000000000000444
2.500000000000000444
2.500000000000000444
2.500000000000000444
2.500000000000000444
2.500000000000000444
2.500000000000000444
2.500000000000000444
2.500000000000000444
2.500000000000000444
2.500000000000000444
2.500000000000000444
2.500000000000000444
2.500000000000000444
2.500000000000000444
2.499999999999999556
2.499999999999995559
2.499999999999956479
2.49999999999964384
2.499999999997333688
2.499999999981488141
2.499999999880603507
2.499999999283523344
2.499999995995840774
2.499999979144460482
2.499999898722730318
2.499999541388475244
2.499998063732158826
2.499992380962751781
2.499972077517379709
2.499904784765783816
2.499698277301941829
2.499112874045711585
2.497584185087348807
2.49391830256276803
2.485870794852233168
2.469742781840382317
2.440284179216376081
2.391242509842335107
2.316674586381858525
2.212687899516947887
2.078917041757225803
1.91909060880222393
1.740495320146971725
1.552684416136516088
1.366145074227433476
1.191786753845318181
1.04448780047449552
0.9499684389584163169
0.9203073542477331337
0.9050130406406866612
0.8814106775832702967
0.8456314582396677881
0.792170438802354604
0.7136001626772943141
0.6068699485356470191
0.4838992469094658411
0.3737088739726853737
0.3018261412321930903
0.2678705355320441517
0.2554096458857376684
0.2515055447501374775
0.2503929773616599963
0.2500967418110762175
0.2500224711071814543
0.2500049202403887283
0.2500010143451635858
0.2500001966635080342
0.2500000358197469463
0.2500000061221679948
0.2500000009807847867
0.2500000001470915612
0.2500000000206227813
0.2500000000026988412
0.2500000000003291256
0.2500000000000374145
0.2500000000000039968
0.2500000000000004441
0.250000000000000111
0.2500000000000000555
0.2500000000000000555
0.2500000000000000555
0.2500000000000000555
0.2500000000000000555
0.2500000000000000555
0.2500000000000000555
0.2500000000000000555
0.2500000000000000555
0.2500000000000000555
0.2500000000000000555
0.2500000000000000555
0.2500000000000000555
0.2500000000000000555
0.2500000000000000555
0.2500000000000000555
0.2500000000000000555
0.2500000000000000555
0.2500000000000000555
0.2500000000000000555
0.2500000000000000555
0.2500000000000000555
