2.500000000000000444
2.500000000000000444
2.500000000000000444
2.500000000000000444
2.500000000000000444
2.500000000000000444
2.500000000000000444
2.500000000000000444
2.500000000000000444
2.500000000000000444
2.5
2.499999999999999112
2.499999999999996447
2.499999999999986233
2.499999999999952927
2.499999999999838352
2.499999999999462208
2.499999999998254729
2.499999999994459543
2.49999999998279776
2.499999999947773777
2.499999999844975118
2.499999999550190033
2.499999998724540262
2.499999996466439001
2.499999990437812514
2.499999974731179186
2.499999934811091951
2.499999835867530606
2.499999596808578861
2.499999033992718278
2.499997743422233576
2.499994862389739225
2.499988604209150811
2.499975383695616671
2.499948238137783108
2.499894096488267436
2.499789272614907798
2.499592401996462598
2.499233997003579955
2.498602008084326975
2.497523421826150614
2.495743138225114066
2.492903121230263697
2.488526771936544257
2.482014914911753856
2.47265975345097333
2.459680852833258324
2.44228261757395515
2.419726930599439108
2.391409616351109602
2.356927208877202418
2.316122158529194675
2.269099526150653023
2.21621456394493066
2.158036233113773683
2.095295164912079677
2.028825415102853746
1.959508097134070592
1.888222559311965032
1.815808125350154567
1.743037180299555677
1.670598838968232469
1.599091595992602644
1.529023094408962669
1.460815292679835453
1.39481372009436555
1.331300123057177931
1.270508670110801042
1.212647247744507162
1.157927903309909912
1.106615850397811629
1.059118977758673807
1.016170475111231486
0.9792274639370254219
0.9512720401919578794
0.9371501154652710497
0.9356652673576528745
0.9359066063094723109
0.9358748936803267249
0.9355057987825846633
0.9346975645608821548
0.9332874485703503975
0.9310825984715396242
0.9279102822622702362
0.9236774378752667936
0.9184220793010797745
0.9123367215419260212
0.9057488877012949136
0.8990609420376346472
0.8926656978497928829
0.8868587122346389684
0.8817655969018114437
0.8772898837515835657
0.8730715631512218078
0.8684364327284290752
0.8623117328304802376
0.8530930457450422999
0.8384626936939547637
0.8152164413642859486
0.7792669966315390884
0.7262020649636009573
0.6530284263176964199
0.561581145248733371
0.4623303653134788194
0.3735087219243138357
0.3107768640543461247
0.276011059355592947
0.2601680751936817915
0.253785173275242526
0.2513734879928274379
0.2504906322480368042
0.2501731133563422915
0.2500603725327168458
0.2500208038363964103
0.2500070787882121559
0.2500023766523136182
0.2500007867700061448
0.2500002566311021468
0.2500000824288827195
0.2500000260563931542
0.2500000081020818943
0.2500000024770479001
0.2500000007443193839
0.2500000002197479421
0.2500000000637241371
0.2500000000181463733
0.2500000000050732751
