1
1
1
1
1
1
1
1
1
1
1
1
1
1
1
1
1
1
1
1
1
1
1
1
1
1
1
1
1
1
1
1
1
1
1
1
0.999999999999999889
0.9999999999999995559
0.9999999999999970024
0.9999999999999817923
0.99999999999989031
0.9999999999993671729
0.9999999999965430986
0.999999999982074117
0.9999999999117527016
0.9999999995875328285
0.9999999981697420548
0.9999999922909973415
0.999999969187703841
0.9999998831805203547
0.9999995801023029429
0.9999985700396272215
0.9999953898760558513
0.9999859426742651047
0.999959502915481413
0.9998899111153540797
0.9997179808815443991
0.9993201379523926065
0.9984597648331074993
0.996724338797644771
0.9934643212027752801
0.987764352785044708
0.9784820106855552924
0.9643726308095652566
0.944282606417440662
0.9173585931638226221
0.883209904979765148
0.8419822477573579711
0.7943380343670767285
0.7413712086729083994
0.6845026793656103781
0.6254034092619762397
0.5660191489358855632
0.5085870847436417819
0.4570863071140396361
0.4183005960662746769
0.3993521613754037469
0.3854735280039973677
0.3659832207939510695
0.3417957003225523538
0.3160276006020680817
0.2918371553187457113
0.2707904381452936882
0.2521683179581498124
0.2334901647441658956
0.2121259793320695308
0.1875495049391256441
0.1629475425241156961
0.1436789156885538987
0.1324889263327541367
0.1275767071401877617
0.1258076148028287045
0.1252386430836672226
0.1250673366796413721
0.1250182028070049856
0.1250047148042036371
0.1250011692837786625
0.1250002774279946327
0.1250000629258441465
0.1250000136355274849
0.1250000028211624148
0.125000000557017682
0.1250000001049006437
0.1250000000188338789
0.1250000000032220893
0.1250000000005249412
0.1250000000000814626
0.1250000000000119904
0.1250000000000016931
0.1250000000000001943
0.1250000000000000278
0.125
0.125
0.125
0.125
0.125
0.125
0.125
0.125
0.125
0.125
0.125
0.125
0.125
0.125
0.125
0.125
0.125
