1
1
1
1
1
1
1
1
1
1
1
1
1
1
1
1
1
1
1
1
1
1
1
1
1
1
0.999999999999999778
0.9999999999999995559
0.9999999999999986677
0.9999999999999941158
0.9999999999999719114
0.9999999999998733236
0.9999999999994497735
0.9999999999976908471
0.9999999999906387105
0.9999999999633444325
0.9999999998614098606
0.9999999994941766168
0.9999999982184051284
0.9999999939463902754
0.999999980164252511
0.9999999373493912991
0.9999998093495822138
0.9999994413275569149
0.9999984244516058052
0.9999957264918758471
0.999988859291066623
0.9999721075410320514
0.9999329884662940815
0.9998456455773062634
0.9996594398313376484
0.9992809410468017628
0.9985484428042683547
0.9972006963616576458
0.9948459748954707749
0.9909427278986157051
0.9848061108893861881
0.9756519624257329326
0.9626796853268024812
0.9451809144277397712
0.9226489087732454575
0.8948611051051719167
0.8619157812382194361
0.8242186424484634344
0.7824291017120579284
0.7373838824798931713
0.6900163265702456972
0.6412856853098468646
0.5921250017401142873
0.5434116616946410572
0.4959630717357770835
0.4505629269104932666
0.4080353282973560591
0.3694169238664314348
0.3363691327804855802
0.3121096881897497677
0.3020137643991283039
0.3015876667956107204
0.3019298866136914117
0.3021930326793102473
0.3023796800900305781
0.3024823315259829726
0.3024527070820206553
0.302184381779380562
0.3014782054278291601
0.2999821587299296155
0.2970994645103927634
0.291878445061705849
0.2829416284125631509
0.2685484461537081535
0.2470273574229265579
0.2178685121150678861
0.1834525434366438279
0.149991903258357151
0.1247330514801583551
0.1103041179359822849
0.1038151629957073246
0.1013200274750604424
0.100438796285152801
0.1001416743949163218
0.1000445677969412639
0.1000136633471387232
0.1000040795913587355
0.1000011853189942679
0.1000003348612397841
0.1000000919181633086
0.1000000245012017813
0.1000000063388228194
0.100000001591062454
0.1000000003873252191
0.1000000000914220977
0.1000000000209175094
0.1000000000046383508
0.1000000000009965972
0.1000000000002075062
0.1000000000000418332
0.1000000000000081657
0.1000000000000015737
0.1000000000000002831
0.1000000000000000611
0.1000000000000000056
0.1000000000000000056
0.1000000000000000056
0.1000000000000000056
0.1000000000000000056
0.1000000000000000056
0.1000000000000000056
0.1000000000000000056
