2.500000000000000444
2.500000000000000444
2.500000000000000444
2.500000000000000444
2.500000000000000444
2.500000000000000444
2.500000000000000444
2.500000000000000444
2.500000000000000444
2.500000000000000444
2.500000000000000444
2.500000000000000444
2.500000000000000444
2.500000000000000444
2.500000000000000444
2.500000000000000444
2.500000000000000444
2.500000000000000444
2.500000000000000444
2.500000000000000444
2.500000000000000444
2.500000000000000444
2.500000000000000444
2.500000000000000444
2.500000000000000444
2.500000000000000444
2.500000000000000444
2.500000000000000444
2.500000000000000444
2.500000000000000444
2.500000000000000444
2.500000000000000444
2.500000000000000444
2.500000000000000444
2.500000000000000444
2.500000000000000444
2.500000000000000444
2.500000000000000444
2.500000000000000444
2.500000000000000444
2.500000000000000444
2.500000000000000444
2.500000000000000444
2.500000000000000444
2.500000000000000444
2.500000000000000444
2.500000000000000444
2.500000000000000444
2.500000000000000444
2.499999999999998224
2.499999999999965361
2.499999999999491518
2.499999999993724575
2.499999999933041117
2.499999999375129622
2.499999994857012631
2.499999962427644107
2.499999755172271687
2.49999857195117059
2.499992525528156762
2.499964843987681817
2.499851331439328028
2.499434967806130281
2.498072261871487676
2.494106517702001646
2.483885648915403088
2.460643285306111316
2.414107540760519477
2.332013569814916032
2.203899520424358549
2.025821904412265617
1.803510287051791394
1.552308721204931352
1.29474100589139729
1.062513838661146348
0.930663625363598368
0.8797617677743236886
0.8220674762531270385
0.7348847274762133619
0.615092810226832265
0.4775592184848482802
0.359578898205213715
0.2900314073571826912
0.261708871273808874
0.2529489861148535579
0.2506673598886854926
0.2501376336179237381
0.2500259138064362396
0.2500044453632258024
0.250000692646124012
0.2500000976738123715
0.2500000124138120894
0.2500000014150525751
0.2500000001438246189
0.2500000000129411482
0.2500000000010217382
0.2500000000000700551
0.2500000000000041633
0.2500000000000002776
0.2500000000000000555
0.2500000000000000555
0.2500000000000000555
0.2500000000000000555
0.2500000000000000555
0.2500000000000000555
0.2500000000000000555
0.2500000000000000555
0.2500000000000000555
0.2500000000000000555
0.2500000000000000555
0.2500000000000000555
0.2500000000000000555
0.2500000000000000555
0.2500000000000000555
0.2500000000000000555
0.2500000000000000555
0.2500000000000000555
0.2500000000000000555
0.2500000000000000555
0.2500000000000000555
0.2500000000000000555
0.2500000000000000555
0.2500000000000000555
0.2500000000000000555
0.2500000000000000555
0.2500000000000000555
0.2500000000000000555
0.2500000000000000555
