1
1
1
1
1
1
1
1
1
1
1
1
1
1
1
1
1
1
1
1
1
1
1
1
1
1
1
1
1
1
1
1
1
1
1
1
1
1
1
1
1
1
0.9999999999999995559
0.9999999999999980016
0.9999999999999823475
0.9999999999998573363
0.9999999999989332977
0.9999999999925950345
0.9999999999522412031
0.9999999997134091378
0.9999999983983360874
0.9999999916577839709
0.9999999594890917054
0.9999998165553850571
0.9999992254927776436
0.9999969523837735075
0.9999888309891304949
0.9999619136990847146
0.9998793088397300854
0.9996451316249377328
0.9990335405444681349
0.9975664742398762108
0.9943437389449140129
0.9878760410470910358
0.9760311073523468828
0.9562205748931444926
0.9258736317952604988
0.8830830349693504777
0.8271862920637305105
0.7590644199661757963
0.6810891145136853675
0.5968250583042243873
0.5107299099479479798
0.4282659011650502556
0.3575009121699985748
0.3126906520816442048
0.3017568669437002971
0.3004492781867920126
0.2974629670323190034
0.2906953491280148683
0.2777852999418715663
0.2559953289972008439
0.2238773003641791048
0.1843823154295046174
0.1465264060761834741
0.1201530864829125356
0.1070763049732768868
0.1021571895478366604
0.1006017001043863629
0.1001571556495470389
0.1000386945852598658
0.1000089883274552227
0.1000019680906220343
0.1000004057378302419
0.1000000786653943569
0.1000000143278984704
0.1000000024488671702
0.1000000003923138953
0.1000000000588366078
0.1000000000082490875
0.100000000001079517
0.1000000000001316225
0.1000000000000149381
0.1000000000000015737
0.1000000000000001582
0.1000000000000000194
0.1000000000000000056
0.1000000000000000056
0.1000000000000000056
0.1000000000000000056
0.1000000000000000056
0.1000000000000000056
0.1000000000000000056
0.1000000000000000056
0.1000000000000000056
0.1000000000000000056
0.1000000000000000056
0.1000000000000000056
0.1000000000000000056
0.1000000000000000056
0.1000000000000000056
0.1000000000000000056
0.1000000000000000056
0.1000000000000000056
0.1000000000000000056
0.1000000000000000056
0.1000000000000000056
0.1000000000000000056
