1
1
1
1
1
1
1
1
1
1
1
1
1
1
1
1
1
1
1
1
1
1
1
1
1
1
1
1
1
1
1
1
1
1
1
1
1
1
1
1
1
1
1
1
1
1
1
1
1
0.9999999999999993339
0.9999999999999897859
0.9999999999998545608
0.9999999999982069898
0.9999999999808685258
0.9999999998214652575
0.9999999985305747519
0.9999999892650408562
0.9999999300492137255
0.9999995919858353233
0.9999978644312491616
0.9999899553155019438
0.9999575214582721028
0.9998385380444715365
0.9994489569376137084
0.9983138860483293797
0.9953801412881234656
0.9886669934111764757
0.975060333172509397
0.9505320246313360144
0.9109023485275419274
0.852927295503854932
0.7752704511036092594
0.679134137486788303
0.5665548541322782405
0.4562799326651503229
0.381642069659625327
0.338732827316345686
0.2963938460245768569
0.2553764048582175539
0.2186864519256437878
0.185472951218836446
0.1570609019823324959
0.1379905324167340352
0.1290472829811304956
0.1260438945644999365
0.1252378327181055406
0.1250491316446287748
0.1250092540471337554
0.12500158760170621
0.125000247372880291
0.1250000348834885144
0.1250000044335040639
0.12500000050537588
0.1250000000513659115
0.1250000000046218029
0.1250000000003649026
0.12500000000002498
0.125000000000001471
0.1250000000000000555
0.125
0.125
0.125
0.125
0.125
0.125
0.125
0.125
0.125
0.125
0.125
0.125
0.125
0.125
0.125
0.125
0.125
0.125
0.125
0.125
0.125
0.125
0.125
0.125
0.125
0.125
0.125
0.125
0.125
