1
1
1
1
1
1
1
1
1
1
1
1
1
1
1
1
1
1
0.999999999999999778
0.9999999999999994449
0.9999999999999976685
0.9999999999999912292
0.9999999999999669154
0.9999999999998748779
0.9999999999995400346
0.9999999999983537613
0.9999999999942621454
0.9999999999805320172
0.999999999935713757
0.9999999997934551077
0.9999999993544945731
0.9999999980382223708
0.9999999942039623502
0.999999983358185407
0.9999999535800732087
0.9999998742588160905
0.9999996693692894123
0.9999991564473998951
0.9999979127132387902
0.9999949934693770359
0.9999883655480361622
0.9999738203302569461
0.9999429924740890208
0.9998799456770176564
0.9997556461386846172
0.9995196352237275539
0.9990885033634986367
0.998331545667594189
0.9970553393712753287
0.9949907418078207666
0.9917873547371143239
0.987020860462085925
0.9802168995547414498
0.9708911912015554257
0.9586005125548783257
0.9429950361089168842
0.9238613209827774009
0.901147587717139209
0.8749677136406844857
0.8455856268304648982
0.813385602519460571
0.7788355197961671639
0.7424496250655948648
0.7047555949834074518
0.6662685975194472254
0.6274732594149302622
0.5888132663024143731
0.5506878012758685825
0.5134541206766348731
0.477436285341200195
0.4429416950365175354
0.4102905984987587074
0.3798720476164313409
0.3522608747700834431
0.3284840674824950901
0.3106057927447187783
0.3021262279104188209
0.3015278142418105212
0.3018225440127445536
0.302046940490589555
0.3022172445876795122
0.3023553727359875598
0.3024726865541091936
0.3025731461621223306
0.3026547273410039596
0.3027080350360908945
0.302711707439865696
0.3026246614575466842
0.3023714632389564727
0.3018169360371986132
0.3007273871665850917
0.2987132640774897707
0.2951553721829528465
0.2891275393160535612
0.2793517344796403457
0.2642863201271333229
0.2425409254263156678
0.2138720553017438575
0.1806933827933103753
0.1487773279238555346
0.1246403950086695384
0.110611703765985836
0.1041010030445083528
0.1014921751573037573
0.1005253970709819311
0.100181080781873294
0.1000613167624381239
0.1000204117709055512
0.1000066770243989434
0.1000021446424241151
0.1000006758443329896
0.1000002088001250844
0.1000000631995963535
0.100000018730154544
0.1000000054323919862
0.1000000015412558507
0.1000000004275944099
0.1000000001159652152
0.1000000000307360304
0.100000000007959694
0.1000000000020137281
0.1000000000004976214
0.1000000000001200762
0.1000000000000282885
0.1000000000000065004
0.1000000000000014627
0.1000000000000003386
0.1000000000000000611
