0
0
0
0
0
0
0
0
0
0
0
0
0
0
0
0
0
0
0
0
0
0
0
0
0
0
6.478796690459657946e-17
2.294496967883556266e-16
1.048857853150213316e-15
5.14053998617552789e-15
2.390007523031875513e-14
1.071049844904099895e-13
4.649954194393174316e-13
1.951465078293020911e-12
7.91174697345613318e-12
3.097957610953444899e-11
1.17129956171470548e-10
4.274986375232461556e-10
1.505722498081244366e-09
5.116233962734295231e-09
1.676426650269022728e-08
5.294942807554760705e-08
1.611290089955391202e-07
4.721643637936808948e-07
1.331581171979257201e-06
3.611771459493379539e-06
9.415601707605768798e-06
2.357332206911395855e-05
5.663440783367699294e-05
0.0001304494614067466156
0.0002878060170679572248
0.0006076221573004111313
0.001226388871890506972
0.002364283869160613283
0.004350440490173385077
0.007637153713248644865
0.01278985975432403097
0.02044195526849441891
0.03121286632094221261
0.04560196933258824081
0.06388334015422555967
0.08602963971933931531
0.1116852297810738415
0.140193012506381498
0.1706642112674130463
0.2020714834423599782
0.2333450087947132601
0.2634562832498551499
0.2914816323307718449
0.3166440494417605001
0.3383366126835917198
0.356133015959406718
0.3697930072108096544
0.3792587737873580611
0.3846878912097911885
0.3865019158179270331
0.3853128672136075239
0.3818225445332136259
0.3759372006101199259
0.366815322689924117
0.3539518397320059462
0.3376281273920413994
0.3189970692012166209
0.2997557996003462066
0.281537791954966643
0.2652892328700631186
0.2508541625389570928
0.2368523449266078662
0.220834463877965681
0.1997458184628091438
0.1708858384422920762
0.1336276914920644376
0.09154314346022399129
0.05268698716804622734
0.02501294534982764078
0.01007713553412464477
0.003656900000490292523
0.001253840492642693122
0.000415363568339396352
0.000133948155137816519
4.212048271595979785e-05
1.291139985258809461e-05
3.854919352699640781e-06
1.120026986748701452e-06
3.164146012791823505e-07
8.685453645834767628e-08
2.315146214133750082e-08
5.989624736232920088e-09
1.503412699649178345e-09
3.659878975229246763e-10
8.638575701342555325e-11
1.976517352026260567e-11
4.382813150080918886e-12
9.417160012015233225e-13
1.960381011841297511e-13
3.953983204454069583e-14
7.717282989948991561e-15
1.45755077081938987e-15
2.697866503777408217e-16
4.892832194282761127e-17
6.638454756032748193e-18
0
0
0
0
0
0
0
