1
1
1
1
1
1
1
1
1
1
1
1
1
1
1
1
1
1
1
1
1
1
1
1
1
1
1
1
1
1
1
1
1
1
1
1
1
1
1
1
1
1
0.999999999999999778
0.9999999999999984457
0.9999999999999873435
0.9999999999998981925
0.9999999999992379429
0.9999999999947111196
0.9999999999658866212
0.9999999997952924158
0.999999998855954364
0.9999999940412740429
0.9999999710636363615
0.9999998689681173225
0.9999994467803068332
0.9999978231276732688
0.9999920220899543022
0.9999727950090322448
0.9999137874343997368
0.9997464855767628222
0.9993094162458611152
0.9982602595057841199
0.9959522290561437785
0.991307510478436682
0.98276022451759526
0.968353861495057977
0.946028348793423679
0.9140344271517877317
0.8713377455133287652
0.8178813912379934159
0.754657100843982187
0.6836258545749143156
0.6076605589839789712
0.5300466417833105126
0.4590290779983692282
0.4072563367356833997
0.3805371341093397586
0.3554447474458553025
0.3251480820162588325
0.2940387311945484861
0.265561247745381479
0.2397376650017883915
0.2140719104912478521
0.1869732795168227435
0.1610133851789473658
0.1416123308513314027
0.131112696669466261
0.1269051403727160243
0.1255355075923484942
0.125140193465344024
0.1250345407979999157
0.1250080248396879257
0.1250017572008081668
0.1250003622648864776
0.1250000702369181149
0.125000012792765014
0.125000002186488407
0.125000000350280277
0.1250000000525326449
0.1250000000073653306
0.1250000000009638956
0.1250000000001175171
0.1250000000000133227
0.12500000000000136
0.1250000000000001665
0.125
0.125
0.125
0.125
0.125
0.125
0.125
0.125
0.125
0.125
0.125
0.125
0.125
0.125
0.125
0.125
0.125
0.125
0.125
0.125
0.125
0.125
0.125
