2.500000000000000444
2.500000000000000444
2.500000000000000444
2.500000000000000444
2.500000000000000444
2.500000000000000444
2.500000000000000444
2.500000000000000444
2.500000000000000444
2.500000000000000444
2.500000000000000444
2.500000000000000444
2.500000000000000444
2.500000000000000444
2.500000000000000444
2.500000000000000444
2.500000000000000444
2.500000000000000444
2.500000000000000444
2.500000000000000444
2.500000000000000444
2.500000000000000444
2.500000000000000444
2.500000000000000444
2.500000000000000444
2.500000000000000444
2.500000000000000444
2.500000000000000444
2.500000000000000444
2.500000000000000444
2.500000000000000444
2.500000000000000444
2.500000000000000444
2.500000000000000444
2.500000000000000444
2.500000000000000444
2.500000000000000444
2.500000000000000444
2.500000000000000444
2.500000000000000444
2.500000000000000444
2.500000000000000444
2.500000000000000444
2.500000000000000444
2.500000000000000444
2.500000000000000444
2.500000000000000444
2.500000000000000444
2.500000000000000444
2.500000000000000444
2.500000000000000444
2.500000000000000444
2.500000000000000444
2.500000000000000444
2.500000000000000444
2.500000000000000444
2.500000000000000444
2.500000000000000444
2.500000000000000444
2.500000000000000444
2.499999999951763474
2.499999997595404366
2.499999937397797467
2.499999000772138213
2.499988791522495202
2.499905996551657239
2.499386122952361511
2.496811697664333529
2.486647184461979521
2.454569477688866908
2.373287963179230964
2.207073321244184427
1.928783096775183115
1.547734766774191861
1.028844802976359496
0.7909335205815828385
0.6274988526051989979
0.4565764330385977399
0.3277570439360385501
0.2698283964221135367
0.2537393131061609908
0.2505598799676655997
0.2500674863536848092
0.2500064279017646385
0.2500004640036235792
0.2500000237997810904
0.2500000007631228427
0.2500000000127234889
0.2500000000000000555
0.2500000000000000555
0.2500000000000000555
0.2500000000000000555
0.2500000000000000555
0.2500000000000000555
0.2500000000000000555
0.2500000000000000555
0.2500000000000000555
0.2500000000000000555
0.2500000000000000555
0.2500000000000000555
0.2500000000000000555
0.2500000000000000555
0.2500000000000000555
0.2500000000000000555
0.2500000000000000555
0.2500000000000000555
0.2500000000000000555
0.2500000000000000555
0.2500000000000000555
0.2500000000000000555
0.2500000000000000555
0.2500000000000000555
0.2500000000000000555
0.2500000000000000555
0.2500000000000000555
0.2500000000000000555
0.2500000000000000555
0.2500000000000000555
0.2500000000000000555
0.2500000000000000555
0.2500000000000000555
0.2500000000000000555
0.2500000000000000555
0.2500000000000000555
0.2500000000000000555
0.2500000000000000555
0.2500000000000000555
0.2500000000000000555
