0
0
0
0
0
0
0
0
0
0
0
0
0
4.669459177714868825e-17
1.391407574566028541e-16
4.533047160192093042e-16
1.719765691182263398e-15
6.285439184106875331e-15
2.272183539021594839e-14
8.045791522242282389e-14
2.790770712927017895e-13
9.462447403480825341e-13
3.132365525296425658e-12
1.012021086548584397e-11
3.190526339329125065e-11
9.812921355725629459e-11
2.94369284133241181e-10
8.61061462604773357e-10
2.455309773454333826e-09
6.823135439652629254e-09
1.847286980868702191e-08
4.870977516594034716e-08
1.25048678533709445e-07
3.124379962052063777e-07
7.594532823516024583e-07
1.795193288071422228e-06
4.124811035734985937e-06
9.208277152986308581e-06
1.996282776729395531e-05
4.200612819003171378e-05
8.574701858040672153e-05
0.0001697088724742839227
0.0003254862296522155322
0.0006046101929339747858
0.001087243662450523797
0.001891992475260919921
0.003185263527864216123
0.005187766708664932197
0.008175356513649069401
0.01247187466798336392
0.01843316508461425446
0.02642367065180513397
0.03678919776430501776
0.0498306489725666088
0.06578326725051963919
0.08480436931409911228
0.1069703676682917798
0.1322819056543207972
0.1606746985360304747
0.1920333118923372717
0.226205419605510355
0.2630147423303920151
0.3022715798270048659
0.3437804281182287869
0.3873445301681103792
0.4327673262931007736
0.4798506419281716728
0.5283890309039666056
0.5781588254598895027
0.6288987160696888346
0.6802750653131094394
0.7318170432838789763
0.7827872005573206504
0.8319042090956557667
0.8767169699845700492
0.9122864096675274981
0.9303714065133560362
0.9319040005996866993
0.9312789971564435776
0.9308231823344346179
0.9304998593895057457
0.9302601478619232367
0.930077023678972381
0.9299354353492013114
0.9298247982531171463
0.9297347087285513512
0.9296514211313358089
0.9295510803371960229
0.9293900926765366055
0.9290889882614047357
0.9285028707227467315
0.9273734776185876827
0.9252524229224026175
0.9213821787434387511
0.914522377485393223
0.9026981440801166157
0.8828717720574952299
0.8505562333004444975
0.7995287915272260015
0.7221494812788687989
0.6115620344648383666
0.4679165707414799646
0.3083669532101557809
0.1683513823641945018
0.07655058761054094052
0.03059951818339319216
0.01140199870217735965
0.004100142554555671545
0.001444131423629344902
0.0005007634819844666504
0.0001711655766351622321
5.766105032154308425e-05
1.913168416791885879e-05
6.247423345257494607e-06
2.006336982927497546e-06
6.332350411487479674e-07
1.962987670882080307e-07
5.97346597354334769e-08
1.783551913110322412e-08
5.222969102928946388e-09
1.499574966533439324e-09
4.219945693318949011e-10
1.16364969240598036e-10
3.1435455548570592e-11
8.317997685921285186e-12
2.155474593026880495e-12
5.468983769873226193e-13
1.358780708194422321e-13
