2.500000000000000444
2.500000000000000444
2.500000000000000444
2.500000000000000444
2.500000000000000444
2.500000000000000444
2.500000000000000444
2.500000000000000444
2.500000000000000444
2.500000000000000444
2.500000000000000444
2.500000000000000444
2.500000000000000444
2.500000000000000444
2.500000000000000444
2.500000000000000444
2.500000000000000444
2.500000000000000444
2.500000000000000444
2.500000000000000444
2.500000000000000444
2.500000000000000444
2.500000000000000444
2.500000000000000444
2.500000000000000444
2.500000000000000444
2.500000000000000444
2.500000000000000444
2.500000000000000444
2.500000000000000444
2.500000000000000444
2.500000000000000444
2.500000000000000444
2.500000000000000444
2.500000000000000444
2.500000000000000444
2.5
2.499999999999998668
2.49999999999999023
2.499999999999936939
2.499999999999615419
2.499999999997785771
2.499999999987901678
2.499999999937260853
2.499999999691134178
2.499999998556365455
2.499999993594097969
2.499999973018490529
2.49999989215696683
2.499999591131865539
2.499998530358614968
2.499994995144878551
2.499983864627944197
2.499950799911526023
2.499858264601282798
2.499614720106661636
2.499013129674911404
2.497621579523515933
2.494614580374962642
2.488558653873572446
2.477214890666407321
2.457477839878583925
2.425588435275040755
2.377688253708610144
2.310625663510729844
2.222767445566215638
2.114526156622634545
1.988423424257461214
1.848701764331842856
1.700658409860155595
1.549937831962191925
1.40199915991147761
1.261946729143434975
1.134933882164301799
1.028164470277660891
0.9545691550586322682
0.9289332162105787827
0.9226148484509466563
0.913784877905178039
0.900802248631233482
0.8832137245773108436
0.8594135373211373441
0.8254155671514121773
0.7746556853767314621
0.7001112699051861288
0.5999508644948217118
0.485125247619860811
0.3803753221890521785
0.3086014688704668552
0.2720269592444909401
0.2573425379529247214
0.2522741118777585001
0.2506693453811512651
0.2501886364915151262
0.2500509749280683813
0.250013201941538199
0.250003274025723532
0.2500007768001991093
0.2500001761924605104
0.2500000381794815207
0.2500000078992548613
0.2500000015596494096
0.2500000002937216581
0.2500000000527350386
0.2500000000090220054
0.2500000000014700463
0.2500000000002280398
0.2500000000000337508
0.250000000000004774
0.2500000000000007216
0.2500000000000001665
0.2500000000000000555
0.2500000000000000555
0.2500000000000000555
0.2500000000000000555
0.2500000000000000555
0.2500000000000000555
0.2500000000000000555
0.2500000000000000555
0.2500000000000000555
0.2500000000000000555
0.2500000000000000555
0.2500000000000000555
0.2500000000000000555
0.2500000000000000555
0.2500000000000000555
0.2500000000000000555
0.2500000000000000555
