0
0
0
0
0
0
0
0
0
0
0
0
0
0
0
0
0
0
0
0
0
2.187077807782510721e-17
1.018083337635637616e-16
3.833701624487514795e-16
1.677759129041405446e-15
7.04787497253478499e-15
2.934326475241497322e-14
1.193384504883017583e-13
4.713518361776476424e-13
1.807480311839500388e-12
6.72556587269201991e-12
2.427801808862018762e-11
8.500411516200380869e-11
2.886018493067079131e-10
9.498707876442551201e-10
3.029690538574844769e-09
9.361591480570938782e-09
2.801266712272869534e-08
8.113978236934077634e-08
2.274017276052896938e-07
6.163450921074446675e-07
1.614718825308993776e-06
4.08664576092123044e-06
9.985491109907634113e-06
2.354071766172459115e-05
5.350735914505411764e-05
0.0001171731337718264724
0.0002470161141675965137
0.0005009091809903711391
0.0009763077183168836649
0.001827631468708816251
0.003283929954346800038
0.005661274269516073515
0.009362275591425425758
0.0148553898856512677
0.02263057776155054379
0.03313512934321087566
0.046701411186696698
0.06348306923996172024
0.08341509551710833692
0.1062064495462263503
0.1313647659162057169
0.1582449785473518111
0.1861099206328485911
0.2141913335789761841
0.2417428317653169123
0.2680803807114516824
0.2926093689520594676
0.3148397590821452319
0.3343920802410403903
0.3509975326808324469
0.3644955114356879244
0.3748323857300046025
0.3820629508308539535
0.3863672296608539058
0.3880837497026262684
0.3876911132575936447
0.3858110478569679591
0.3826131481766819054
0.3774604516645626573
0.3696219192923282382
0.3586196648487104399
0.3445154964688467158
0.3280407079940105275
0.3104702048316457796
0.2932711524596829378
0.2776655642623512277
0.2642655452828864271
0.252874059519365646
0.242451590174053766
0.2311937240666033233
0.2166963398673334984
0.1962974267163921371
0.1678479072676481443
0.1311986334813819988
0.0900704800070312589
0.05221685125776452663
0.02514507522942471124
0.01034344063186330362
0.003850447828491737785
0.001359389525831162376
0.000465554929537386863
0.000155903839234044849
5.115319294091446895e-05
1.644282130487260797e-05
5.174207218950966512e-06
1.592552432988516286e-06
4.790293166103895465e-07
1.407099630276176867e-07
4.033686129384394613e-08
1.127861631153925695e-08
3.074577948953317617e-09
8.168142608767266099e-10
2.11411811962714972e-10
5.32950373302924986e-11
1.308274647332476352e-11
3.126693969387136218e-12
7.27396257230986699e-13
1.646979443196985027e-13
3.63025687942400015e-14
7.791725025761049031e-15
1.633447103728335982e-15
3.285241036708924489e-16
6.303670232603102486e-17
1.255572113352172389e-17
0
0
0
