0
0
0
0
0
0
0
0
0
0
0
0
0
0
0
0
0
0
0
0
0
0
0
0
0
0
0
0
0
0
0
0
0
0
0
0
0
0
0
0
0
3.473878342424410027e-17
1.9770478527642893e-16
1.731051742310699886e-15
1.494667166795798312e-14
1.205212087471724059e-13
9.016615430391435792e-13
6.258272143503565584e-12
4.036350944732947165e-11
2.422132770026576097e-10
1.353652795718163704e-09
7.050459300133947275e-09
3.423796651447905167e-08
1.550389996158573925e-07
6.545781068561424036e-07
2.575706010634056841e-06
9.439535670219670381e-06
3.218873995502837985e-05
0.0001020016439471234089
0.0002999065277379435804
0.0008166954292098921146
0.002055859971108441649
0.00477517604502318907
0.01021971712556581438
0.02014211304938061387
0.03658422692792255571
0.06136898157726684844
0.09541673554973960358
0.1381469591277874609
0.1872262665116160296
0.2387689715871812446
0.2878979318408049215
0.3294735893398230697
0.3583303220227074259
0.3719999644890470414
0.3701825028794957229
0.3553502208350475255
0.3307547041305682889
0.2992998773180203242
0.2644207706841247285
0.2278036128363132296
0.187869798968684637
0.1421211158927082052
0.09262627757266514439
0.04879240143047305911
0.02021913856656032751
0.006865935592341927338
0.002057068083122949066
0.0005700953520580055332
0.0001486074991938308391
3.656981082381634079e-05
8.493554632935019393e-06
1.85968989618871168e-06
3.833870537513650733e-07
7.433184362428198938e-08
1.353859260503847176e-08
2.313961991154750043e-09
3.707017704552400884e-10
5.559538121802140598e-11
7.794681824746398366e-12
1.020054414963769776e-12
1.24372919737336565e-13
1.4094823886024372e-14
1.479940513362736398e-15
1.467902175176626698e-16
1.496059626649936581e-17
0
0
0
0
0
0
0
0
0
0
0
0
0
0
0
0
0
0
0
0
0
0
