0
0
0
0
0
0
0
0
0
0
0
0
0
0
0
0
0
4.562753217639621158e-17
1.377003716909955869e-16
4.930404095704499981e-16
1.879289583074596315e-15
7.276681265197794558e-15
2.805799673041378768e-14
1.05729070677738826e-13
3.885973936189890506e-13
1.391263239446120027e-12
4.849231376559062096e-12
1.645351156289973779e-11
5.433163965351678696e-11
1.745621237844159762e-10
5.455513697215303141e-10
1.65800493823084859e-09
4.898546131754479994e-09
1.406490051700035517e-08
3.923199860188094227e-08
1.062706948131355498e-07
2.794339381985373225e-07
7.129319747475594421e-07
1.7640786723296179e-06
4.23128691168170916e-06
9.832885255660594112e-06
2.2125745927513302e-05
4.817959095140955249e-05
0.0001014618231801997148
0.000206505518538482283
0.0004059375385900464627
0.000770188592994442171
0.001409525688969932985
0.002486848854920831013
0.004228121841208376877
0.006925884830053206064
0.01093090465710590264
0.01662853147844123303
0.02439998610776871607
0.03457367055192188399
0.04737572556379454625
0.06289045539752308178
0.08103907759785648757
0.1015804244823689528
0.1241317635173271594
0.148203818974174506
0.1732423937564856742
0.1986695716861165417
0.2239194602422426572
0.2484658139416440481
0.2718409370614134346
0.293646673709788808
0.3135590413798166609
0.3313283111793758895
0.3467762955841251493
0.3597924857864680526
0.3703306266335565367
0.3784076830329435315
0.3841072687061262148
0.3875929091176226748
0.3891334619976465348
0.3891054845415806707
0.3880379232169091086
0.3862549153942039237
0.383392019785957161
0.3788742201316984692
0.3720923620246033847
0.362596173231928498
0.3503082749826116893
0.3356597819576997432
0.3195664012020896783
0.3032341259718719928
0.2878611326826659988
0.2743417868664387305
0.2630609658890335489
0.2538103044795321783
0.2458006537507736178
0.2377161476780781102
0.2277711790074242737
0.213795750573236909
0.1934838472328606063
0.1650752214970288845
0.1287404207774788811
0.08831023722889391747
0.05132537527726775684
0.02490685690233003513
0.01038243946002324544
0.003933639530505437382
0.001418089904766043101
0.0004974817165775229349
0.0001712289202185895011
5.795321119723483656e-05
1.928891148149347771e-05
6.309367904362414624e-06
2.02651461676328391e-06
6.38614674216367671e-07
1.972977473216613503e-07
5.971802146146442568e-08
1.769833391617465292e-08
5.13312804939281369e-09
1.456349891977711056e-09
4.040387356917713868e-10
1.095768107874506413e-10
2.904283152858037638e-11
7.521213994021154592e-12
1.902779888078248556e-12
4.702115193802204885e-13
1.134901061544941777e-13
2.674876093819732212e-14
6.152139388464665981e-15
1.377433522182076372e-15
3.02075488632833984e-16
6.291496154311019563e-17
