0
0
0
0
0
0
0
0
0
0
0
0
0
0
0
0
0
0
0
0
0
0
0
0
0
0
0
0
0
0
0
0
0
0
0
0
0
0
0
0
0
0
0
0
0
0
0
0
0
0
0
0
0
0
0
0
0
0
0
0
1.630702885964342544e-11
8.129019467703510081e-10
2.116340839775233865e-08
3.37800862936942554e-07
3.789173297735253487e-06
3.177976840787991611e-05
0.0002075519173407876336
0.001078259962313167552
0.004518351412225347918
0.01538007107383376759
0.04283116640108006884
0.09818472890198259861
0.1865449329227382436
0.2888084238570703954
0.3197191746983784055
0.2537581995479532004
0.1630555193877185616
0.08348362263013928142
0.03066096418409541141
0.007670264232836624535
0.001422836002444681849
0.0002118778321252417227
2.551206395190554118e-05
2.429570627465257266e-06
1.753772434587148524e-07
8.995473067291413198e-09
2.884332980651357526e-10
4.809018464195145068e-12
0
0
0
0
0
0
0
0
0
0
0
0
0
0
0
0
0
0
0
0
0
0
0
0
0
0
0
0
0
0
0
0
0
0
0
0
0
0
0
0
