1
1
1
1
1
1
1
1
1
1
0.999999999999999778
0.9999999999999994449
0.9999999999999983347
0.9999999999999942268
0.9999999999999809042
0.999999999999935163
0.9999999999997846167
0.9999999999993016697
0.9999999999977835508
0.9999999999931188377
0.9999999999791092664
0.9999999999379898252
0.9999999998200758133
0.9999999994898158828
0.9999999985865754004
0.9999999961751248057
0.9999999898924714081
0.9999999739244364028
0.9999999343470115098
0.9999998387234275699
0.9999996135970657951
0.9999990973687769014
0.9999979449552922617
0.9999954416806917656
0.9999901534643957923
0.9999792951938712982
0.9999576383389450207
0.9999157080309210022
0.9998369570008560636
0.9996935853876104394
0.9994407585493690904
0.9990092284679814583
0.9982968407525549814
0.9971600957034167934
0.9954076934483104822
0.9927985477846694717
0.9890467302742732558
0.983834912462053679
0.9768361149293954826
0.9677413810271209282
0.9562891305530178965
0.942291160237708203
0.9256508862764485368
0.9063712280329561111
0.8845518309550947089
0.8603773561847460893
0.8340998066573049874
0.8060181814429970837
0.7764583359985394173
0.7457551075139225993
0.714237860570969052
0.682219835833674404
0.6499911421846180648
0.6178149291634917883
0.585926171659963746
0.5545325397569599302
0.5238169725500269047
0.4939418138536274538
0.465054736982771999
0.4372973137418523781
0.4108183006182485331
0.3857963588386199016
0.3624831554393609379
0.3412931080487486835
0.323001159811017291
0.3091418239334618456
0.3021774001555209699
0.3015435728036302554
0.3018127785523885831
0.3020156308357822006
0.3021676272426203069
0.3022887388999742075
0.3023901467887404881
0.3024780719348391655
0.3025563285637613564
0.3026272534938004299
0.3026918973048371431
0.3027502887286622757
0.3028009541330732302
0.3028398747691400938
0.3028588680375035591
0.3028421824634592863
0.3027605917617453568
0.3025615694854732474
0.3021531155623569109
0.3013787005436653343
0.299979924979634438
0.297545685323142628
0.2934470349238250675
0.2867701756154558135
0.2762869554786501203
0.2605605305770673508
0.2383761110559795282
0.2097236622183132337
0.1771995511403984536
0.1464663321270905927
0.123531475927527945
0.1102543612576186299
0.1040438400853790774
0.1015108059686269798
0.1005489645310235491
0.1001961979008500758
0.1000692384936571616
0.1000241481800213939
0.1000083214356345812
0.100002831503831352
0.1000009506596343523
0.1000003147078609433
0.1000001026524257874
0.1000000329715515085
0.1000000104225570868
0.1000000032408327189
0.1000000009908191406
0.1000000002977277369
0.1000000000878991518
0.1000000000254896299
0.1000000000072585327
0.1000000000020292851
