0
0
0
0
0
0
0
0
4.327043148531970507e-19
4.678715833292580496e-17
1.293500428342511027e-16
3.761498408333068942e-16
1.316936239964783025e-15
4.69860334879154364e-15
1.620146927746731817e-14
5.492367828705210866e-14
1.819840470429608426e-13
5.902523338165854023e-13
1.873265430633765127e-12
5.815387623823889487e-12
1.765554938716130375e-11
5.240807921407171801e-11
1.5206348616376015e-10
4.311840309980442976e-10
1.194561663081662003e-09
3.232609294656205053e-09
8.542420550904689634e-09
2.203787299997106299e-08
5.548690200094076344e-08
1.363035774040317264e-07
3.265700612973113719e-07
7.628624920942822085e-07
1.736829095170892942e-06
3.852479467690785137e-06
8.321824591085375461e-06
1.749867789131516848e-05
3.580180511701825931e-05
7.123835883711496795e-05
0.0001377912641152057895
0.000258948694027702226
0.0004725807301576488663
0.000837147510161535195
0.001438806754517585502
0.002398383471307584565
0.003876483421443960471
0.006074520179283227073
0.009229419477954824147
0.01360054939105190784
0.01944903248137265853
0.02701166131601251408
0.03647345969926552023
0.04794376746292267066
0.06144018197745189369
0.07688293824461223114
0.09409999873582364227
0.1128410370765675907
0.132797201244710783
0.1536232047716808713
0.1749587444384166912
0.1964471323689832571
0.2177500139730552675
0.238557882592569076
0.2585966890731643542
0.2776311738855458677
0.2954656718585162989
0.3119431243724392067
0.3269429450181867702
0.3403782713433430307
0.3521930316687955642
0.3623591872420616755
0.370874504023592011
0.3777613081036941267
0.3830669906220003362
0.3868676819518303001
0.3892776167741911486
0.3904654823102991501
0.3906657549477927649
0.3902375663963830732
0.389566159277361268
0.3885962392290359668
0.3871214169722925202
0.3848349718080841808
0.381337307850947993
0.3761856662700742704
0.3689911591101442401
0.3595431187728165279
0.347919356930488588
0.3345361078750345163
0.3201092525202047789
0.3055311905265152284
0.2916994637279459734
0.2793487008477822386
0.268930351319572547
0.2605610594695041415
0.254032700508166176
0.248856505193298827
0.2443067450010867336
0.2394354565820968062
0.2330475809105893581
0.2236545139155029505
0.2094744769258071737
0.188633911657336506
0.159828456968768573
0.1236589973865968167
0.08419146603845899246
0.04873264922706049135
0.02372815248979337488
0.01002049195343555216
0.003877439968021192604
0.001435781631571931595
0.000519826383387065943
0.0001855319706261659583
6.544208300571230374e-05
2.282007085706494107e-05
7.863278731785217107e-06
2.675550066883449197e-06
8.98292373532945518e-07
2.97371358359425909e-07
9.699746593345395626e-08
3.115519198810177952e-08
9.848391165794171417e-09
3.062299071402675245e-09
9.362360701244589738e-10
2.813262423147251509e-10
8.305687829723079927e-11
2.408543446033813928e-11
6.858628662377844511e-12
1.917474958848670432e-12
