1
1
1
1
1
1
1
1
1
1
1
1
1
0.999999999999999889
0.999999999999999778
0.9999999999999995559
0.9999999999999984457
0.9999999999999946709
0.9999999999999809042
0.9999999999999322764
0.9999999999997640776
0.9999999999992003064
0.9999999999973521181
0.9999999999914468418
0.9999999999730351252
0.9999999999170654519
0.999999999751213009
0.9999999992722703457
0.9999999979248849202
0.9999999942333976932
0.9999999843875750916
0.9999999588327261879
0.999999894314579918
0.999999735941717649
0.9999993581449411195
0.9999984827853933833
0.9999965139017865656
0.9999922176023086084
0.9999831284110607399
0.9999644986975361194
0.9999275320322822402
0.9998565756982475961
0.9997249356908793905
0.999489086817591299
0.9990813583230312434
0.998401729441011021
0.9973101229047306449
0.9956213352734473165
0.9931051317447672222
0.9894936645795626706
0.9844970532535332053
0.9778259222474789958
0.9692176065219486603
0.9584614448268626852
0.9454186413355235574
0.9300335495280800391
0.9123353380071154151
0.892431053337721325
0.8704924969929461742
0.8467398575884530487
0.8214248088053457408
0.7948151037056581103
0.7671818857525941615
0.7387902238735033489
0.7098928767404183438
0.6807270244988927743
0.6515136539988419795
0.622459424612225698
0.5937611965849853846
0.5656140951046972898
0.538225375107973858
0.5118393694822839235
0.4867860196278986917
0.4635832433875575198
0.443167007432158977
0.4273746788380975437
0.4192108052788299788
0.4178231081424661486
0.4169732609648698629
0.4154332875815036075
0.4128280913657694784
0.4086665870871050155
0.4024054166082544071
0.393598807381329685
0.3820767811284961901
0.3680821821970160501
0.352300704439522494
0.3357576104258439553
0.3196089714331185605
0.3048984724451273554
0.2923583569532274828
0.2823047987129616576
0.2746353695252068405
0.2688985562263250806
0.2643871547038341152
0.2602147991013916695
0.2553533421896546085
0.248647299404550326
0.2388661098258016147
0.2249195782243524899
0.2064054058555817028
0.1845063565997260846
0.1625843112600842133
0.1449872964829601318
0.134017625055871531
0.1286059651055659891
0.1263452749068297853
0.1254840698351780137
0.1251705428122994457
0.1250591433042267386
0.1250202165481881789
0.125006810511647859
0.1250022597106577593
0.1250007379066995217
0.125000236976189727
0.1250000747938491696
0.1250000231856114585
0.1250000070554933007
0.1250000021066227096
0.1250000006169051936
0.125000000177120596
0.1250000000498433517
0.125000000013744339
0.1250000000037129744
0.1250000000009823808
0.1250000000002546297
0.1250000000000645872
0.125000000000016015
