1
1
1
1
1
1
1
1
1
1
1
1
1
1
1
1
1
1
1
1
1
1
1
1
1
1
1
1
1
1
1
1
1
1
1
1
1
1
1
1
1
1
1
1
1
1
1
1
1
1
1
1
1
1
1
1
1
1
1
1
0.999999999980705212
0.9999999990381615023
0.9999999749591186315
0.9999996003088322816
0.999995516606126178
0.9999623984186665204
0.9997544405638728593
0.9987244463245884551
0.994654774988356305
0.9817798523807892419
0.9489340820820156841
0.8807124795314631438
0.7629759221587748552
0.5935785801979736043
0.3633439284609136233
0.2740395516991608882
0.2282522181559017149
0.1749684650685403298
0.1298344827133087465
0.1078419597202871366
0.101492519827558067
0.1002238802739356116
0.100026993500289943
0.1000025711512615018
0.1000001856014001989
0.1000000095199122807
0.1000000003052491093
0.1000000000050893789
0.1000000000000000056
0.1000000000000000056
0.1000000000000000056
0.1000000000000000056
0.1000000000000000056
0.1000000000000000056
0.1000000000000000056
0.1000000000000000056
0.1000000000000000056
0.1000000000000000056
0.1000000000000000056
0.1000000000000000056
0.1000000000000000056
0.1000000000000000056
0.1000000000000000056
0.1000000000000000056
0.1000000000000000056
0.1000000000000000056
0.1000000000000000056
0.1000000000000000056
0.1000000000000000056
0.1000000000000000056
0.1000000000000000056
0.1000000000000000056
0.1000000000000000056
0.1000000000000000056
0.1000000000000000056
0.1000000000000000056
0.1000000000000000056
0.1000000000000000056
0.1000000000000000056
0.1000000000000000056
0.1000000000000000056
0.1000000000000000056
0.1000000000000000056
0.1000000000000000056
0.1000000000000000056
0.1000000000000000056
0.1000000000000000056
0.1000000000000000056
