0
0
0
0
0
0
0
0
0
0
0
0
0
0
0
0
0
0
0
0
0
0
0
0
0
0
0
0
0
0
2.872784746993821775e-17
1.163648365423007959e-16
4.728784372307809915e-16
2.41831818560271749e-15
1.288839926481023111e-14
6.650022030560916275e-14
3.295949961259643969e-13
1.568112155714131056e-12
7.160982572089405394e-12
3.137741833242810214e-11
1.318987810785175013e-10
5.318067156530977582e-10
2.056086964057241684e-09
7.620116019522685353e-09
2.706096850635793664e-08
9.204199381913948957e-08
2.996797411559935126e-07
9.33451484867085414e-07
2.779635593295656296e-06
7.906907799310880226e-06
2.146689742187169272e-05
5.557195888904031399e-05
0.00013702687226050227
0.0003214578649552406056
0.0007166263244848919108
0.001516336844453849367
0.003041993323098781017
0.005781018915824821108
0.01040223935379380044
0.01772393444987226119
0.02861803516208843989
0.04385624346298462595
0.06393216740157545153
0.08891135448042536416
0.1183559071322398543
0.1513442848156639209
0.186574811975438043
0.2225192448397748657
0.2575874924332464122
0.290273172471443186
0.3192645128441214952
0.34351828135619078
0.362307138542323437
0.3752098846869892923
0.3822371578699049754
0.3838997202749215854
0.3810030384849452112
0.374340908929842342
0.3636191869703684354
0.3483417212945227881
0.3291246350615885663
0.3076903362740737169
0.2861386475408695951
0.2659197700279952725
0.2470091227159035563
0.2276151635129330941
0.2045645719786179095
0.1745053543350659209
0.1360877487525822271
0.09261457772352330031
0.05254123301210945896
0.0243467846489689721
0.009495782898882462741
0.003318429187993469226
0.001090663084482923657
0.0003444778533561375323
0.0001052623529449644833
3.115698265772263271e-05
8.928764229415726004e-06
2.475077482944177121e-06
6.630688687033923497e-07
1.715384097096269567e-07
4.282647469564233966e-08
1.031276541483064934e-08
2.394158620689022825e-09
5.356479900504004729e-10
1.154546708085163358e-10
2.39674583548696159e-11
4.790634583295670741e-12
9.217361852745267932e-13
1.706733908586788837e-13
3.040974535279391499e-14
5.209393996098444734e-15
8.580032472572695168e-16
1.415041915473857371e-16
2.052869240047088543e-17
1.196993644580759009e-18
0
0
0
0
0
0
0
0
0
0
0
