2.500000000000000444
2.500000000000000444
2.500000000000000444
2.500000000000000444
2.500000000000000444
2.500000000000000444
2.500000000000000444
2.500000000000000444
2.500000000000000444
2.500000000000000444
2.500000000000000444
2.500000000000000444
2.500000000000000444
2.500000000000000444
2.500000000000000444
2.500000000000000444
2.500000000000000444
2.500000000000000444
2.5
2.499999999999999112
2.499999999999994671
2.499999999999978684
2.499999999999917843
2.499999999999687805
2.499999999998850697
2.499999999995885069
2.499999999985655919
2.499999999951330487
2.499999999839285003
2.49999999948363838
2.499999998386237099
2.499999995095556482
2.499999985509906431
2.499999958395464184
2.499999883950184465
2.499999685647046554
2.499999173423263166
2.499997891118754367
2.499994781784653508
2.499987483682394984
2.499970913918434068
2.49993455107042184
2.499857482345906767
2.499699869340236802
2.499389136672699241
2.498799170480245913
2.497721555197259136
2.49582985873611829
2.492641447159334778
2.487485825163605391
2.479492512585885322
2.467612454228017782
2.450682493475723422
2.427532019460215018
2.397117328515959045
2.358658044549040156
2.311746520136905403
2.256407464940325625
2.193098417380241028
2.122656444017076094
2.046207282918859338
1.965057441166613739
1.880588021381474295
1.794163683501256656
1.70706383046851573
1.620437762520126057
1.535282057258955835
1.45243689421870914
1.372598195793146569
1.296344135516307894
1.224178183244462037
1.156598267897767096
1.094218574637048302
1.038012599381195944
0.9898542428151325678
0.9536947561872598511
0.9363628837084214673
0.9346576470327949693
0.9344408865593968327
0.9335811645182027219
0.9318445045077681232
0.928992471921085472
0.9248382874718010793
0.9193518148401724766
0.9127240692627933694
0.9053510691208017658
0.8977303658761903726
0.8902999334586184643
0.8832587737560178009
0.8763993337160476127
0.8689584232680303
0.8594634514468073583
0.8455595264738945405
0.8238492369095221646
0.7898884986235494843
0.7387204474238295848
0.6666121758923462259
0.5745964185570811011
0.4727477469962208523
0.3800090299747155842
0.3137352360947251451
0.2769311391528220256
0.2603126674833990406
0.2537383974814564347
0.2513144789363965237
0.250452819080675404
0.2501533053345142976
0.2500510309152954025
0.2500166927202223111
0.2500053616224871544
0.2500016896124638288
0.2500005220004684614
0.2500001579990052125
0.2500000468253876784
0.2500000135809801183
0.2500000038531396962
0.2500000010689860663
0.2500000002899130935
0.2500000000768401454
0.2500000000198993044
0.2500000000050343618
0.2500000000012441159
0.2500000000003002598
0.2500000000000707767
0.2500000000000163203
0.2500000000000037192
0.2500000000000008882
0.250000000000000222
