0
0
0
0
0
0
0
0
0
0
0
0
0
4.669459177714868209e-17
1.391407574566028294e-16
4.53304716019209107e-16
1.719765691182260637e-15
6.285439184106842198e-15
2.272183539021551294e-14
8.045791522241737129e-14
2.790770712926359543e-13
9.462447403473258335e-13
3.132365525288131637e-12
1.012021086539928404e-11
3.190526339243093111e-11
9.812921354911798766e-11
2.943692840600059183e-10
8.610614619781534373e-10
2.455309768359283411e-09
6.823135400306320962e-09
1.847286952028073068e-08
4.870977316069169363e-08
1.250486653178873352e-07
3.124379137033657406e-07
7.59452794892671147e-07
1.795190564377943829e-06
4.124796656238603705e-06
9.20820549051145162e-06
1.996249096266980054e-05
4.20046369177695016e-05
8.574080466823234402e-05
0.0001696845320977481025
0.0003253967000073279678
0.0006043012896161861899
0.001086244875109176628
0.001888968559389881622
0.003176695560458217375
0.005165051217568116665
0.008118988507547900135
0.0123408409693998751
0.01814739670793864834
0.02583775012426500067
0.03565673820298233265
0.04776075581090641342
0.06219272714659791756
0.07887090860868178899
0.09759284654339639431
0.1180524804006065909
0.1398661195322180306
0.1626022591639566528
0.185810743550189339
0.2090480897014474759
0.2318972806210974069
0.253981619452795071
0.274973122810705628
0.2945964143278439473
0.3126292450963130687
0.3289007321478946144
0.3432882760212336848
0.3557139782022629704
0.366141302204749719
0.3745727740108099058
0.3810498655749637864
0.3856568514403249104
0.3885320359530518575
0.3898881113400206599
0.3900217465328616462
0.3893710260209597429
0.3883184403124160244
0.3866949347942715276
0.3841364809678865511
0.3801662397298778417
0.374268032191302169
0.3660214782950832468
0.3552644659300043806
0.3422187804531122701
0.3275168505477727976
0.3121038495027786408
0.2970414115804785871
0.2832778132864911536
0.271455573710857212
0.2618019829308546598
0.2541070410733869966
0.2477583375967764567
0.2417879692963488258
0.2348954162110066524
0.2254442577197843245
0.2114885104018621731
0.190980332125832819
0.1624255567441781067
0.1262297099295802139
0.08633358166014845625
0.05013562870304379138
0.02440881178815365246
0.01025912794819612041
0.003935280567740596924
0.001440588660513914855
0.0005145025746500490231
0.0001807627141879838734
6.26250520550189775e-05
2.139915745652347978e-05
7.208023991447727804e-06
2.39150375306047249e-06
7.809325281727280743e-07
2.507925983200307382e-07
7.915442750567965787e-08
2.453735043733294652e-08
7.466832888386676655e-09
2.229439928960612824e-09
6.528711410881950271e-10
1.874468710822855164e-10
5.27493211875204888e-11
1.454562115667411468e-11
3.9294319436880429e-12
1.039749710748332086e-12
2.694343241289089071e-13
6.836229712345065576e-14
1.698475885243245627e-14
