0
0
0
0
0
0
0
0
0
0
0
0
0
0
0
0
0
0
0
0
0
0
0
0
0
0
0
0
0
0
0
0
0
0
0
2.888707141023892746e-17
9.514400599750503497e-17
5.200947401405981575e-16
3.366758011406345987e-15
2.145990540090610034e-14
1.300575308199465496e-13
7.486788253333971299e-13
4.090208333354871981e-12
2.120999788561644945e-11
1.044158399587131174e-10
4.880376607849322807e-10
2.165590403887474139e-09
9.121415314724502573e-09
3.645760086453399079e-08
1.38222676910715818e-07
4.968297125194181231e-07
1.691952589991891173e-06
5.454779033577446419e-06
1.66329152763033593e-05
4.791731948478690826e-05
0.0001302627864359512128
0.0003337148956483638345
0.0008045716183219998483
0.001823195164430077954
0.003879304006680043323
0.007747191205393039876
0.01452758533028502587
0.02561903792674593422
0.04260162927456760673
0.06705454361602843083
0.1003623078885041847
0.1435682967250259401
0.1973072169192132685
0.2618102710219818996
0.336946822976218141
0.4222471570480264558
0.5168244105278456679
0.6190320162433373685
0.7254370784889883073
0.8278504623625095871
0.9066621592077857006
0.9332691343405654649
0.9337263890297027302
0.9322834200887983869
0.9294400803477793627
0.9233602325631387053
0.9108208691124964895
0.8865698206478349608
0.8426753052247956122
0.7686787036894178193
0.654087331640515024
0.4963736097435197947
0.315746847268964681
0.1593179398161905791
0.06399633371770792334
0.02191612992202236071
0.006849440303551827813
0.00202163671105614522
0.0005702068008931265256
0.0001541211477131483099
3.991810105210554611e-05
9.899674499633879846e-06
2.348820370657320282e-06
5.327557923772363365e-07
1.154438949714102831e-07
2.388510147645396908e-08
4.71593647418318134e-09
8.881305626192586472e-10
1.594555013716403507e-10
2.727954160942877857e-11
4.444705752465223924e-12
6.892980953411418984e-13
1.016639444953045475e-13
1.425282672804305373e-14
1.906634635216844388e-15
2.327184012668000304e-16
2.544837530036472999e-17
0
0
0
0
0
0
0
0
0
0
0
0
0
0
0
0
