2.500000000000000444
2.500000000000000444
2.500000000000000444
2.500000000000000444
2.500000000000000444
2.500000000000000444
2.500000000000000444
2.500000000000000444
2.500000000000000444
2.500000000000000444
2.500000000000000444
2.500000000000000444
2.500000000000000444
2.500000000000000444
2.500000000000000444
2.500000000000000444
2.500000000000000444
2.500000000000000444
2.500000000000000444
2.500000000000000444
2.500000000000000444
2.500000000000000444
2.500000000000000444
2.500000000000000444
2.500000000000000444
2.500000000000000444
2.500000000000000444
2.500000000000000444
2.500000000000000444
2.500000000000000444
2.500000000000000444
2.500000000000000444
2.500000000000000444
2.500000000000000444
2.500000000000000444
2.500000000000000444
2.500000000000000444
2.500000000000000444
2.500000000000000444
2.500000000000000444
2.500000000000000444
2.500000000000000444
2.500000000000000444
2.500000000000000444
2.500000000000000444
2.500000000000000444
2.500000000000000444
2.500000000000000444
2.500000000000000444
2.500000000000000444
2.500000000000000444
2.500000000000000444
2.500000000000000444
2.500000000000000444
2.500000000000000444
2.500000000000000444
2.500000000000000444
2.500000000000000444
2.500000000000000444
2.500000000000000444
2.500000000000000444
2.500000000000000444
2.500000000000000444
2.500000000000000444
2.500000000000000444
2.500000000000000444
2.500000000000000444
2.500000000000000444
2.500000000000000444
2.500000000000000444
2.500000000000000444
2.500000000000000444
2.500000000000000444
2.500000000000000444
0.2500000000000000555
0.2500000000000000555
0.2500000000000000555
0.2500000000000000555
0.2500000000000000555
0.2500000000000000555
0.2500000000000000555
0.2500000000000000555
0.2500000000000000555
0.2500000000000000555
0.2500000000000000555
0.2500000000000000555
0.2500000000000000555
0.2500000000000000555
0.2500000000000000555
0.2500000000000000555
0.2500000000000000555
0.2500000000000000555
0.2500000000000000555
0.2500000000000000555
0.2500000000000000555
0.2500000000000000555
0.2500000000000000555
0.2500000000000000555
0.2500000000000000555
0.2500000000000000555
0.2500000000000000555
0.2500000000000000555
0.2500000000000000555
0.2500000000000000555
0.2500000000000000555
0.2500000000000000555
0.2500000000000000555
0.2500000000000000555
0.2500000000000000555
0.2500000000000000555
0.2500000000000000555
0.2500000000000000555
0.2500000000000000555
0.2500000000000000555
0.2500000000000000555
0.2500000000000000555
0.2500000000000000555
0.2500000000000000555
0.2500000000000000555
0.2500000000000000555
0.2500000000000000555
0.2500000000000000555
0.2500000000000000555
0.2500000000000000555
0.2500000000000000555
0.2500000000000000555
0.2500000000000000555
0.2500000000000000555
