0
0
0
0
0
0
0
0
0
0
0
0
0
0
0
0
0
0
0
0
0
0
0
0
0
0
6.478796690459657946e-17
2.294496967883556759e-16
1.048857853150214302e-15
5.140539986175550767e-15
2.390007523031923791e-14
1.071049844904196704e-13
4.649954194395002958e-13
1.951465078296239564e-12
7.911746973509033965e-12
3.097957611034558359e-11
1.171299561830655523e-10
4.274986376777023344e-10
1.505722499997378683e-09
5.116233984856926385e-09
1.676426674021291671e-08
5.294943044505769734e-08
1.611290309379102017e-07
4.721645522118126678e-07
1.331582670532293623e-06
3.611782484498389392e-06
9.415676634565060823e-06
2.357379173876677131e-05
5.663711885280852895e-05
0.0001304638461840108691
0.0002878760524953555082
0.000607934468292755238
0.001227662278399443497
0.002369024412083437642
0.004366537677271610518
0.007686999512495831278
0.01293071715291179216
0.02080588434366448941
0.03207521049816303843
0.04748392980979839612
0.06768576345108677506
0.0931841319209738006
0.1242998188383641067
0.1611670595563171049
0.2037521471330395184
0.2518846124872018422
0.3052907163612728625
0.3636206649760204135
0.4264625605209108605
0.4933356925869605836
0.563650974680415584
0.6366121448548379691
0.7109941662003197438
0.7846369888631373746
0.8532282985764911842
0.9075373961297310554
0.9313953302135726808
0.9325914674725767073
0.9319769801688079225
0.9315575158631413943
0.9312579967380092416
0.9309369480350999648
0.930388286804938458
0.9292591338610743934
0.9269184396074755528
0.9222497634205708561
0.9133524975315057137
0.8971451378033227231
0.8688778176708384926
0.8217672974778773565
0.7472001594472975627
0.6368399408923988148
0.489178042001408131
0.3212200692074692054
0.1720909911194573039
0.07529002618617039455
0.02849088109384247114
0.009937550670707220521
0.0033125460607305794
0.001070502621932822602
0.0003368566482158567117
0.0001032811197123486386
3.083845620856795082e-05
8.960140032833738275e-06
2.531310755687649258e-06
6.948358354667594901e-07
1.852116647170730824e-07
4.791699572031098168e-08
1.202730146050637176e-08
2.927903172083036461e-09
6.910860556561145361e-10
1.581213881384758432e-10
3.506250519948569224e-11
7.533728009558555549e-12
1.568304809470713987e-12
3.163186563562309538e-13
6.173826391958833528e-14
1.166040616655499432e-14
2.15829320302192184e-15
3.914265755426207915e-16
5.310763804826198554e-17
0
0
0
0
0
0
0
