0
0
0
0
0
0
0
0
4.327043148531970507e-19
4.678715833292581113e-17
1.293500428342511274e-16
3.761498408333070421e-16
1.316936239964784405e-15
4.698603348791562572e-15
1.620146927746754537e-14
5.492367828705466457e-14
1.819840470429888377e-13
5.90252333816879742e-13
1.873265430636731345e-12
5.815387623852468416e-12
1.765554938742475108e-11
5.240807921639301946e-11
1.520634861833030158e-10
4.311840311551750615e-10
1.194561664287678101e-09
3.23260930348786811e-09
8.54242061257808662e-09
2.203787341043532139e-08
5.548690460299875324e-08
1.363035931058728253e-07
3.265701514313694324e-07
7.628629839401075855e-07
1.736831644648787483e-06
3.852492011200761941e-06
8.321883121061447974e-06
1.749893668727146227e-05
3.580288846599868219e-05
7.124264835634026166e-05
0.0001378073137799554594
0.0002590053865828114755
0.0004727696094807502109
0.0008377405235356078905
0.001440559995292470946
0.002403261826884656085
0.003889254743575081257
0.006105980236160235032
0.009302376036145143523
0.01375998504668416236
0.01977787333635676673
0.02765309599188888953
0.03765971060750056276
0.05002978891297932273
0.06493935316809440472
0.08250090698073725415
0.1027627337332300272
0.1257138862893451003
0.1512930720626447512
0.1793994796012828297
0.2099038512954674585
0.2426585742406219826
0.2775060572576599771
0.3142850725196452699
0.3528350163352586555
0.3929981804302924431
0.4346201361070395341
0.4775482289425720395
0.521627947742103415
0.5666965052879266995
0.6125721860125507012
0.6590364897253850884
0.7058029082309889013
0.7524590277109522996
0.7983516873222816779
0.8423433261072827971
0.8822729949515416559
0.9138706925008873716
0.9302408146869750594
0.9317725970231561794
0.9311622973871630515
0.9307131584682560854
0.9303888794606429702
0.9301426867213153926
0.9299487773580464856
0.9297931012017081054
0.9296670482105943156
0.9295647471220630509
0.9294816906165500603
0.9294123776817682092
0.929348347150465659
0.929275043049749061
0.9291654226860377452
0.9289698193133423265
0.9285981807912085939
0.9278896876150347639
0.9265639739285934651
0.924144468555865628
0.9198429652926217726
0.9123864443170596195
0.8997742518907901887
0.8789538883420945359
0.8454453185366029855
0.7930783798494499548
0.7143677635441706419
0.6028188888904916221
0.4592267689851582957
0.3013540910683703555
0.1642078317192371129
0.07487780306389228702
0.03016164310282944128
0.01136433771768261339
0.004142403321153378427
0.001482180252386612086
0.000523277944049420937
0.0001825290860819693659
6.290249113328589766e-05
2.140396764439286099e-05
7.186290190489913174e-06
2.378965519174473512e-06
7.759791584954378894e-07
2.492414772056928834e-07
7.878712346090162157e-08
2.449839200411292195e-08
7.489888507987636922e-09
2.250609933731595217e-09
6.64455025960668192e-10
1.926834756476235056e-10
5.486902929617801088e-11
1.533979967056702312e-11
