2.500000000000000444
2.500000000000000444
2.500000000000000444
2.500000000000000444
2.500000000000000444
2.500000000000000444
2.500000000000000444
2.500000000000000444
2.500000000000000444
2.500000000000000444
2.500000000000000444
2.500000000000000444
2.500000000000000444
2.500000000000000444
2.5
2.499999999999999112
2.499999999999995559
2.499999999999982236
2.499999999999933831
2.499999999999761524
2.499999999999174438
2.499999999997200906
2.499999999990734523
2.499999999970063946
2.499999999905622161
2.49999999970972997
2.499999999129244088
2.499999997452945877
2.499999992737095944
2.499999979816893703
2.499999945356515596
2.49999985591454843
2.499999630101059189
2.499999075796181192
2.499997753508278464
2.499994689754271526
2.499987798684188078
2.499972761744650107
2.499940950068260115
2.499875748174936962
2.499746373281657164
2.499498057835671361
2.499037429577649405
2.498212326927299554
2.496786411817029538
2.494410972077653277
2.490599090718806696
2.484710171668453427
2.475954305888782514
2.463424586521331783
2.446160368655829309
2.423236381169540987
2.393864157045774377
2.357486931204321401
2.313849453505977927
2.263030131860253036
2.205432150891381227
2.141739227972769832
2.072847679160085388
1.999788401448913788
1.923650826744725206
1.845517356424338562
1.76641278346938746
1.68726982364367073
1.608909590326611738
1.532034688873941564
1.457232373334476083
1.384985663157830782
1.315691333697691645
1.249685397831646672
1.187279726259643731
1.128819641009890518
1.07478664373240651
1.0260060665437849
0.9841059462245332901
0.9524800593302769069
0.9368335270983283447
0.9352570020476893564
0.9353469463763243175
0.9350331657761230542
0.9341790302872050589
0.9326060892923457857
0.9300986445117558343
0.9264741372983882339
0.9216633965766402037
0.9157697016629354758
0.9090790584987837875
0.902011349951118091
0.8950210043981674524
0.8884747838502716766
0.8825364343442176907
0.8770707754666126066
0.8715613466724637659
0.8650193393482329407
0.8558558403675278203
0.8417141275808380785
0.8192997662956813532
0.7843762289996252246
0.7323003887618242391
0.6597452622780189957
0.5681494832276912099
0.4677385069015967956
0.3770243005409457115
0.3124868371108720511
0.2766191467715255481
0.2603178499067415608
0.2537976723488453157
0.2513594192220310886
0.2504780230940634178
0.2501656623130916746
0.2500566135402466084
0.2500190702590796565
0.2500063272818640048
0.2500020661486891949
0.2500006635343680617
0.250000209422882147
0.2500000649197224867
0.250000019755382441
0.2500000058985435425
0.2500000017273347197
0.2500000004959378463
0.25000000013956164
0.2500000000384841048
0.2500000000103963504
0.2500000000027510216
0.2500000000007128742
0.2500000000001809664
0.2500000000000450751
