1
1
1
1
1
1
1
1
1
1
1
1
1
1
1
1
1
1
1
1
1
1
1
1
1
1
1
1
1
1
1
0.999999999999999889
0.9999999999999995559
0.9999999999999978906
0.9999999999999891198
0.9999999999999436007
0.9999999999997215561
0.9999999999986750598
0.9999999999939477302
0.9999999999734809908
0.9999999998885253927
0.9999999995505413075
0.999999998262289802
0.9999999935598262724
0.9999999771293068829
0.9999999222103130858
0.9999997467243451066
0.9999992110890534303
0.9999976507751333621
0.9999933174106975242
0.9999818569204669272
0.9999530315157516558
0.9998841813949204127
0.9997282648663793347
0.9993940740093536501
0.9987172717360386365
0.9974242656525184048
0.9950968940210402902
0.9911525857389557048
0.9848575712115792413
0.9753849543194542671
0.961914372470667689
0.9437521176945866674
0.9204402828879283405
0.8918269659083299938
0.8580842820366123558
0.819678411800650486
0.7773082867760825465
0.7318338599305768133
0.6842131010221449428
0.6354636192164674346
0.5866628931813564485
0.5390175115160837915
0.4940043432739334994
0.454018745111264832
0.4234758727151651803
0.4087387628589019828
0.4011764286190427908
0.3899472029273493567
0.3737970706445035152
0.3535048237014114525
0.3311131434179437338
0.3091687947845198625
0.2897008302463356388
0.273440389784381066
0.2595862940548403497
0.2461133797917677835
0.2305063527045868588
0.2108992611623317914
0.1875417703975467143
0.1638090077717445636
0.1448122164219838581
0.1333508682248629729
0.1280485498595747007
0.1260205441838473939
0.1253244628322088827
0.1250993639415489689
0.1250294316281129192
0.1250084361349923512
0.1250023386689151916
0.1250006265368051039
0.1250001620882600917
0.12500004046719565
0.1250000097446462566
0.1250000022622671514
0.1250000005061397412
0.1250000001090944557
0.1250000000226470509
0.1250000000045267401
0.1250000000008709145
0.1250000000001613154
0.125000000000028727
0.1250000000000049127
0.1250000000000008049
0.1250000000000001388
0.125
0.125
0.125
0.125
0.125
0.125
0.125
0.125
0.125
0.125
0.125
0.125
0.125
