1
1
1
1
1
1
1
1
1
1
1
1
1
1
1
1
1
1
1
1
1
1
1
1
1
1
1
1
1
1
1
1
1
1
1
1
1
1
1
1
1
1
1
1
1
1
1
1
1
0.9999999999999991118
0.9999999999999859002
0.9999999999997963851
0.9999999999974895637
0.9999999999732162026
0.9999999997500516047
0.999999997942804808
0.9999999849710574651
0.9999999020689069873
0.9999994287804214732
0.9999970102099854374
0.9999859375668218586
0.9999405320705011535
0.9997739798234052122
0.9992288197490711843
0.9976418116877808773
0.993548296820533583
0.9842215490396895028
0.9654709567775859869
0.9321364884474184764
0.879431117284243169
0.8046927905927102609
0.7087719767784460556
0.5966013923970553412
0.4775740414027609959
0.3681437317950045918
0.3089695843076069592
0.2949422732015752335
0.2828730004157724576
0.2607820399929761668
0.2260307932316746871
0.1822132243635638804
0.1414558469541797037
0.1156608006292615537
0.1046523963782418215
0.1011776074642443818
0.100266842148519747
0.1000550491171218609
0.1000103653690805061
0.1000017781407734202
0.1000002770583399148
0.1000000390695227476
0.1000000049655247747
0.1000000005660210134
0.1000000000575298198
0.1000000000051764343
0.1000000000004086786
0.100000000000027997
0.1000000000000016431
0.1000000000000000888
0.1000000000000000056
0.1000000000000000056
0.1000000000000000056
0.1000000000000000056
0.1000000000000000056
0.1000000000000000056
0.1000000000000000056
0.1000000000000000056
0.1000000000000000056
0.1000000000000000056
0.1000000000000000056
0.1000000000000000056
0.1000000000000000056
0.1000000000000000056
0.1000000000000000056
0.1000000000000000056
0.1000000000000000056
0.1000000000000000056
0.1000000000000000056
0.1000000000000000056
0.1000000000000000056
0.1000000000000000056
0.1000000000000000056
0.1000000000000000056
0.1000000000000000056
0.1000000000000000056
0.1000000000000000056
0.1000000000000000056
0.1000000000000000056
