1
1
1
1
1
1
1
1
1
1
1
1
1
1
1
1
1
0.999999999999999889
0.999999999999999778
0.9999999999999995559
0.9999999999999983347
0.9999999999999937828
0.9999999999999760192
0.9999999999999107381
0.999999999999671374
0.9999999999988241628
0.9999999999959019448
0.9999999999860942346
0.9999999999540816198
0.9999999998524676803
0.9999999995389245999
0.999999998598729789
0.999999995859972568
0.999999988112989735
0.9999999668429090383
0.9999999101848641159
0.9999997638351780793
0.9999993974622454207
0.9999985090797942622
0.9999964239006107203
0.9999916896452814008
0.9999813000793633666
0.9999592796193941258
0.9999142438227859309
0.9998254491383969933
0.9996568359737384446
0.9993487696200535897
0.9988077240502937215
0.997895095799186338
0.9964175481050643324
0.9941223464612740646
0.9907013943884570573
0.9858065161699749446
0.9790758951982849734
0.9701682222217192786
0.9587983987435250155
0.944767813202407325
0.9279836337503692967
0.9084645606952868047
0.8863337852616459678
0.8618023689331291148
0.8351473510164619807
0.8066887123573358576
0.7767683483181819781
0.7457329745602476745
0.7139218069232069475
0.6816591321354836808
0.6492515860281310447
0.6169900996231956203
0.585157149257413467
0.5540415199325858797
0.5239662124719575154
0.4953435194389660401
0.4687913293127199399
0.4454003616553351974
0.427318593513748568
0.4181312465008211188
0.4163210638102093908
0.4146906422308268558
0.4118186150020148317
0.4071030642650664277
0.3999118848184298747
0.3897742732329887438
0.3766163725796480843
0.3609118892376743659
0.343660015317103773
0.326180274331353548
0.3097992281047994845
0.295544442223128867
0.2839437840906199328
0.2749688202742296417
0.2680946273408516545
0.2624147471213616467
0.2567529962785681796
0.2497488871724268256
0.2399600570537754607
0.226102646937877072
0.2076107269548407019
0.1855570184531458722
0.1633020585563853544
0.1453325373122451858
0.1341135655603817589
0.128603331494886286
0.1263243102678183183
0.125468093562409011
0.1251615571591015441
0.1250547328803196245
0.1250182231922485898
0.1250059614543747033
0.1250019148409698688
0.1250006034305845837
0.1250001864285024689
0.1250000564281941173
0.1250000167233507598
0.125000004850349955
0.1250000013761213558
0.1250000003817806349
0.1250000001035402875
0.1250000000274429091
0.1250000000071068151
0.1250000000017978674
0.1250000000004442557
0.1250000000001072198
0.1250000000000252576
0.1250000000000057732
0.1250000000000012768
0.1250000000000002776
0.1250000000000000555
