0
0
0
0
0
0
0
0
0
0
0
0
0
0
0
0
0
0
0
0
0
0
0
0
0
0
0
0
0
0
0
0
0
0
0
0
0
0
0
0
0
3.473878342424410027e-17
1.977047852764289793e-16
1.731051742310702647e-15
1.494667166795817244e-14
1.205212087471846743e-13
9.016615430398307086e-13
6.258272143536664925e-12
4.036350944870640425e-11
2.422132770522405217e-10
1.353652797266804216e-09
7.050459342145701988e-09
3.423796750520133137e-08
1.55039019930912058e-07
6.545784689818421355e-07
2.5757116176293987e-06
9.439610978586924396e-06
3.21896156732320274e-05
0.0001020104385287469738
0.0002999825776480972311
0.0008172598155614293472
0.00205944286726013814
0.004794583420480504413
0.01030933087618134993
0.02049545000589306221
0.03777981209414453534
0.06487012958495123882
0.1043907458136632826
0.1585458220295521969
0.228916158892207261
0.3163939904893895982
0.4211337677095651211
0.542200056378037365
0.6760354538180382011
0.8104060991325011676
0.9089668336327219045
0.9338122064401334077
0.9305376053726942542
0.9205032841099582974
0.8992719075133429607
0.8578194852237249757
0.7836474046215606837
0.6638942753702322674
0.4953984751833546696
0.3030332004773768628
0.1427780931576286827
0.05236667208249769223
0.01620949377685892631
0.004541307578962251908
0.0011875281240873723
0.0002924776672943267541
6.794407514099414706e-05
1.487731003014002727e-05
3.067087541225961124e-06
5.946544148607084185e-07
1.08308729755762742e-07
1.851169560543313684e-08
2.965614155331551422e-09
4.44763049557254589e-10
6.235745459429691527e-11
8.160435319647231093e-12
9.949833578977570947e-13
1.127585910881829601e-13
1.183952410690176181e-14
1.174321740141299781e-15
1.196847701319949265e-16
0
0
0
0
0
0
0
0
0
0
0
0
0
0
0
0
0
0
0
0
0
0
