1
1
1
1
1
1
1
1
1
1
1
1
1
1
1
1
1
1
1
1
1
1
1
1
1
1
1
1
1
1
1
0.999999999999999778
0.9999999999999994449
0.9999999999999968914
0.9999999999999844569
0.9999999999999212852
0.9999999999996098676
0.9999999999981443732
0.9999999999915268889
0.9999999999628733649
0.9999999998439350613
0.9999999993707576751
0.9999999975672048125
0.9999999909837566925
0.9999999679810300801
0.9999998910944435382
0.9999996454141402147
0.9999988955252067102
0.9999967110897066691
0.9999906444099833092
0.9999745999354366921
0.9999342457023565611
0.9998378631260043115
0.9996196189730596204
0.9991519318071442335
0.9982051543096766011
0.9963977098236849184
0.993148544748533757
0.9876536024965838489
0.9789122760186678152
0.9658208497598269604
0.9473264982229882003
0.9226074868232486681
0.8912293790163179352
0.8532337199471885514
0.8091407487552210176
0.7598766902055101857
0.7066555521442271504
0.6508503019702475134
0.5938825256406358166
0.5371507749279819111
0.4820136619593415883
0.4298537905265959469
0.3822915541767267777
0.3417557323956669779
0.3127255360771690751
0.3019738468176331736
0.301702405270337537
0.3020618813701175243
0.3022698718186421774
0.3022415371370593684
0.3018111570271488908
0.3006550523788731333
0.2981998068617300879
0.293490923549959537
0.2850808621451108582
0.2710700957758632179
0.2495555126078607966
0.2198410157578341295
0.1843815451575323838
0.1498669605331059973
0.1240984383391473683
0.1097222397036574371
0.103465531601082919
0.1011488834247055574
0.1003640073802081201
0.1001113463529796632
0.1000329687334708673
0.1000094489213121385
0.1000026193449103928
0.1000007017238716267
0.1000001815390346993
0.1000000453232708225
0.1000000109140044835
0.100000002533739335
0.1000000005668765651
0.1000000001221857532
0.1000000000253647575
0.1000000000050698945
0.100000000000975503
0.1000000000001806388
0.1000000000000321743
0.1000000000000055289
0.1000000000000009076
0.1000000000000001582
0.1000000000000000194
0.1000000000000000056
0.1000000000000000056
0.1000000000000000056
0.1000000000000000056
0.1000000000000000056
0.1000000000000000056
0.1000000000000000056
0.1000000000000000056
0.1000000000000000056
0.1000000000000000056
0.1000000000000000056
0.1000000000000000056
