1
1
1
1
1
1
1
1
1
1
1
1
1
1
1
1
1
1
1
1
1
1
0.999999999999999778
0.9999999999999994449
0.9999999999999980016
0.9999999999999915623
0.999999999999965361
0.9999999999998587796
0.9999999999994420019
0.9999999999978612664
0.9999999999920423654
0.9999999999712740895
0.9999999998994221206
0.9999999996585218209
0.9999999988760976954
0.999999996415221748
0.9999999889232155104
0.9999999668549651721
0.9999999039941136481
0.9999997309346383423
0.9999992707305798145
0.9999980894383788677
0.9999951646117805071
0.9999881849836190773
0.9999721461054430494
0.999936688463400003
0.9998613549613044604
0.999707708335724865
0.99940723784794816
0.9988445070836170503
0.997836390072671775
0.9961106364363802035
0.9932899384502318352
0.9888898461376953719
0.9823384457498052225
0.9730213694793308221
0.960348037204745153
0.9438269959113456675
0.9231337452284561484
0.8981559278640053323
0.8690075050018210012
0.8360122825651987721
0.7996642796224098237
0.7605758513264925247
0.7194241794611624385
0.6769040728854890387
0.6336916310408342579
0.5904204538346240483
0.5476703675956344775
0.5059683208700811452
0.4658024565795917948
0.4276543846522222192
0.3920646826862856926
0.3597724738045002812
0.3320384664600286029
0.3113734256669103972
0.3020745215418166874
0.3015406010476705534
0.3018544989344151275
0.3020967058719342679
0.3022824094313248944
0.3024308450518627955
0.3025454364497590087
0.3026134577077486121
0.3026015310762144583
0.3024436855105224753
0.3020174715014272149
0.3011050617863346157
0.299333606778335648
0.2960910845010393255
0.2904392976574192153
0.2810573138329937048
0.2663204151553682508
0.2447184877991032681
0.2158843898760314517
0.1821913440600247402
0.1495713421126245724
0.124861830263863563
0.1105711557415571811
0.1040149698995761068
0.1014306554451302606
0.1004917313903717913
0.1001648829886367525
0.1000541234466588436
0.1000174001918455458
0.1000054757405519634
0.1000016853870288464
0.1000005069558735915
0.1000001489133312688
0.1000000426885134519
0.1000000119361649231
0.1000000032538274075
0.1000000008644349458
0.1000000002237372287
0.1000000000564021663
0.1000000000138454997
0.1000000000033089975
0.1000000000007698064
0.1000000000001743244
0.1000000000000384331
0.1000000000000082628
0.1000000000000017264
0.1000000000000003386
0.1000000000000000611
0.1000000000000000056
0.1000000000000000056
0.1000000000000000056
0.1000000000000000056
