1
1
1
1
1
1
1
1
1
1
1
1
1
1
1
1
1
1
1
1
1
1
1
1
1
1
1
1
1
1
1
1
1
1
1
1
1
1
1
1
1
1
1
1
1
1
1
1
1
1
1
1
1
1
1
1
1
1
1
1
1
1
1
1
1
1
1
1
1
1
1
1
1
1
0.1000000000000000056
0.1000000000000000056
0.1000000000000000056
0.1000000000000000056
0.1000000000000000056
0.1000000000000000056
0.1000000000000000056
0.1000000000000000056
0.1000000000000000056
0.1000000000000000056
0.1000000000000000056
0.1000000000000000056
0.1000000000000000056
0.1000000000000000056
0.1000000000000000056
0.1000000000000000056
0.1000000000000000056
0.1000000000000000056
0.1000000000000000056
0.1000000000000000056
0.1000000000000000056
0.1000000000000000056
0.1000000000000000056
0.1000000000000000056
0.1000000000000000056
0.1000000000000000056
0.1000000000000000056
0.1000000000000000056
0.1000000000000000056
0.1000000000000000056
0.1000000000000000056
0.1000000000000000056
0.1000000000000000056
0.1000000000000000056
0.1000000000000000056
0.1000000000000000056
0.1000000000000000056
0.1000000000000000056
0.1000000000000000056
0.1000000000000000056
0.1000000000000000056
0.1000000000000000056
0.1000000000000000056
0.1000000000000000056
0.1000000000000000056
0.1000000000000000056
0.1000000000000000056
0.1000000000000000056
0.1000000000000000056
0.1000000000000000056
0.1000000000000000056
0.1000000000000000056
0.1000000000000000056
0.1000000000000000056
