1
1
1
1
1
1
1
1
1
1
1
1
1
1
1
1
1
1
1
1
1
1
1
1
1
1
1
1
1
1
1
1
1
1
1
1
1
1
1
1
1
1
1
1
1
1
1
1
1
1
1
1
1
1
1
1
1
1
1
1
0.9999999999862180244
0.999999999312972454
0.9999999821136551503
0.9999997145061124693
0.9999967975574501899
0.9999731407095333591
0.9998245651892324615
0.9990881052038629306
0.9961704518362410887
0.9868712005370610107
0.9627360069246453378
0.9108104681472617425
0.8152213119907638639
0.6538055129535402799
0.4242037020807626346
0.3042161953135780195
0.2337602761945585805
0.1819216099233068595
0.1482407767106751484
0.1316190406260107082
0.1263151479003162825
0.1251994310050533188
0.1250240932073323208
0.1250022955779593881
0.1250001657148892831
0.1250000084999192129
0.1250000002725438208
0.1250000000045440873
0.125
0.125
0.125
0.125
0.125
0.125
0.125
0.125
0.125
0.125
0.125
0.125
0.125
0.125
0.125
0.125
0.125
0.125
0.125
0.125
0.125
0.125
0.125
0.125
0.125
0.125
0.125
0.125
0.125
0.125
0.125
0.125
0.125
0.125
0.125
0.125
0.125
0.125
0.125
0.125
