1
1
1
1
1
1
1
1
1
1
1
1
1
1
0.999999999999999778
0.9999999999999994449
0.9999999999999980016
0.9999999999999926725
0.9999999999999733546
0.9999999999999044098
0.9999999999996695976
0.999999999998880118
0.9999999999962936315
0.9999999999880253565
0.9999999999622486424
0.9999999998838917659
0.999999999651697391
0.9999999989811780843
0.9999999970948381112
0.999999991926757259
0.9999999781426059942
0.9999999423658185727
0.9999998520404203006
0.9999996303184527369
0.9999991014031959224
0.9999978759010639262
0.9999951194702721979
0.9999891046809015194
0.9999763799476022452
0.9999502989170840905
0.9998985478422589557
0.9997992173748740941
0.9996149506486305958
0.9992848576975758013
0.9987143285242403579
0.9977636740482009881
0.996237612565020858
0.9938787096512301522
0.9903684472303969644
0.9853390519241589374
0.978397244670456856
0.9691580068278827786
0.9572833062596335374
0.9425187825902329175
0.9247215332442063618
0.9038743332117432638
0.8800849518212437994
0.8535724497741854488
0.8246444823457853568
0.7936703505098792188
0.7610540512554934134
0.7272103966802379027
0.6925459219135697841
0.6574451474835395492
0.6222619691178503665
0.5873155350367373906
0.5528898805447931553
0.519236757438485963
0.4865815041873591817
0.4551325462967697466
0.4250965308496247874
0.3967041084097098214
0.3702584659837286907
0.3462365150215570009
0.3255158526292740717
0.3098540986788225204
0.3021603946608164559
0.3015315174457682268
0.3018122170162294005
0.3020243443508870418
0.3021838238094823326
0.302311735240292756
0.3024198383169678372
0.3025143863662559385
0.3025986165586824761
0.3026733450319712415
0.3027363222882741844
0.3027812458839060916
0.3027949327517568401
0.3027518541514587769
0.3026051178448427859
0.3022706671150392488
0.3016019075820266515
0.3003517123599390715
0.2981182344413586538
0.2942777197790147348
0.2879122322556219582
0.277773917441104079
0.2623813006747225396
0.2404389986013596159
0.2118203336481883636
0.1790160200665894263
0.1477176860022915983
0.1241728834030681738
0.1104905902540489621
0.1041030564248387191
0.1015157838215305919
0.1005433457820322507
0.100191157028602193
0.1000662586531688297
0.1000226446835387889
0.1000076280205074025
0.1000025309035948717
0.1000008264584999057
0.1000002654136465663
0.1000000837691428224
0.1000000259678880121
0.1000000079021528682
0.1000000023594173892
0.1000000006909338712
0.1000000001983751136
0.1000000000558246283
0.1000000000153936225
0.1000000000041585124
0.1000000000011003892
0.1000000000002851247
0.1000000000000723643
0.100000000000018005
