1
1
1
1
1
1
1
1
1
0.999999999999999889
0.999999999999999778
0.9999999999999995559
0.9999999999999988898
0.9999999999999958922
0.9999999999999860112
0.9999999999999534817
0.9999999999998461231
0.9999999999995013988
0.9999999999984165999
0.9999999999950855978
0.9999999999850784915
0.9999999999557072083
0.999999999871482137
0.9999999996355830589
0.999999998990411143
0.9999999972679460836
0.9999999927803371325
0.9999999813745976684
0.9999999531050072221
0.9999998848024418407
0.999999723997867962
0.9999993552632180371
0.999998532109947158
0.9999967440529557994
0.9999929667389915178
0.9999852107610355256
0.9999697412966708221
0.9999397900088744517
0.9998835354647772622
0.9997811143781323295
0.9996004833658643784
0.9992921276249476792
0.998782944979303422
0.9979701106544036637
0.9967162546623569153
0.9948476648039739079
0.992157212532922772
0.9884130938303109515
0.9833732955312433077
0.9768042364563982449
0.9685007959673811451
0.9583044123235252565
0.9461163220769236437
0.9319041578847522267
0.9157015906184953202
0.8976020104640696218
0.8777480649591441475
0.8563191215108874044
0.8335185055377526409
0.8095618833323601216
0.7846676073483968006
0.7590493582149286933
0.7329110691991227444
0.7064439168180585149
0.6798250870404866086
0.6532180531025530978
0.6267742103032978296
0.6006359103457041826
0.5749412717566312336
0.5498317511873336283
0.5254646866688957862
0.5020357178155969713
0.4798223598760459341
0.4592755352377041467
0.441221276182857669
0.4272655699700316223
0.4199619590753511655
0.4188120230656289245
0.4183654776084491655
0.417525244693625841
0.4160856019653966786
0.4137375666142139585
0.4100627014471857068
0.4045907264571809714
0.3969067848756944739
0.3867865255066564867
0.3743154496133263009
0.3599436761424109621
0.3444448505253301374
0.3287844571008871064
0.3139370628802556906
0.3007080478182442285
0.2896089577630137635
0.2808103839791852296
0.2741663907253785171
0.2692831193181081662
0.2655961443629321073
0.2624276786151938934
0.2590067235430020265
0.2544553438831311798
0.2477682143753429655
0.2378502761519547259
0.2237341396479267108
0.205134576347126979
0.1833330975555128584
0.1617122536956173695
0.1445007356918506791
0.1338245987917833502
0.1285553295223977044
0.1263409859193019846
0.1254890803926667353
0.1251750388169196593
0.125061802718617221
0.1250215587384084226
0.1250074295964445914
0.1250025280983059206
0.1250008487998041651
0.1250002809887790778
0.1250000916539103502
0.1250000294388809163
0.125000009305854004
0.1250000028936005259
0.1250000008846599564
0.1250000002658282761
0.125000000078481277
0.1250000000227585728
0.1250000000064807604
0.1250000000018118007
