1
1
1
1
1
1
1
1
1
1
1
1
1
1
1
1
1
1
1
1
1
1
1
1
1
1
1
1
1
1
1
1
1
1
1
1
0.999999999999999778
0.9999999999999992228
0.9999999999999958922
0.9999999999999745759
0.999999999999845901
0.999999999999114042
0.9999999999951604268
0.9999999999749040747
0.9999999998764534936
0.9999999994225459155
0.9999999974376390099
0.9999999892073959673
0.99999995686278631
0.9999998364527420414
0.9999994121433963823
0.9999979980573786564
0.9999935458452264836
0.9999803199092802686
0.9999433053813175931
0.9998458846493594177
0.9996052296031194828
0.9990485024303280559
0.9978451683658242644
0.995420461608598206
0.9908740309251921063
0.9829494422727964587
0.970106931691509855
0.9507252537341125409
0.9234011075954450254
0.8872589423061796321
0.8421695436042065941
0.7888136727087634581
0.728591186305022176
0.6634293205088784839
0.5955667718647806863
0.5273896793243345593
0.4613989119568857045
0.4004438513325830895
0.3486142123636135071
0.3130560095990494451
0.3020068366734083853
0.3018313081218069738
0.3018949140221653948
0.3012682504436547948
0.2993968350829268044
0.2953441060562342901
0.2875976424964763467
0.2740492454082573137
0.2524521836856832846
0.2218295641781242999
0.1848081560587608585
0.1489010829036092609
0.1227112099825291014
0.1087022612039785924
0.1029247597352806326
0.1009084643024689421
0.1002676357820181108
0.1000754464638324154
0.1000203893773076586
0.100005280736777391
0.1000013096078392894
0.1000003107199416846
0.1000000704769770793
0.100000015271792253
0.1000000031597018946
0.1000000006238597472
0.1000000001174886355
0.1000000000210939932
0.1000000000036087855
0.1000000000005879935
0.1000000000000911965
0.1000000000000134809
0.1000000000000018929
0.1000000000000002692
0.1000000000000000472
0.1000000000000000056
0.1000000000000000056
0.1000000000000000056
0.1000000000000000056
0.1000000000000000056
0.1000000000000000056
0.1000000000000000056
0.1000000000000000056
0.1000000000000000056
0.1000000000000000056
0.1000000000000000056
0.1000000000000000056
0.1000000000000000056
0.1000000000000000056
0.1000000000000000056
0.1000000000000000056
0.1000000000000000056
