2.500000000000000444
2.500000000000000444
2.500000000000000444
2.500000000000000444
2.500000000000000444
2.500000000000000444
2.500000000000000444
2.500000000000000444
2.500000000000000444
2.500000000000000444
2.500000000000000444
2.500000000000000444
2.500000000000000444
2.500000000000000444
2.500000000000000444
2.500000000000000444
2.500000000000000444
2.500000000000000444
2.500000000000000444
2.500000000000000444
2.500000000000000444
2.500000000000000444
2.500000000000000444
2.500000000000000444
2.500000000000000444
2.500000000000000444
2.500000000000000444
2.500000000000000444
2.500000000000000444
2.500000000000000444
2.500000000000000444
2.5
2.499999999999999112
2.499999999999992895
2.499999999999961808
2.499999999999803713
2.499999999999025224
2.499999999995361488
2.499999999978817833
2.499999999907184023
2.499999999609838319
2.499999998426894798
2.499999993918012642
2.499999977459392397
2.499999919952576199
2.499999727736113897
2.499999113535396056
2.499997238813453038
2.499991777728130415
2.499976611056218712
2.499936500069010137
2.49983561580008562
2.499594667204280807
2.499049099114272643
2.497880086450187775
2.49551403688947282
2.490998913369244061
2.482888154296226446
2.46918859248031497
2.447440173946457076
2.414971954505062079
2.369316007150461978
2.308684180823463272
2.232367712525993753
2.140937908969614334
2.036198516865630914
1.920925760693011686
1.79848905818990068
1.672457981193710808
1.546279612340663689
1.423078089737834118
1.305607082722367807
1.196399038537776516
1.098219998610793446
1.015291547505202896
0.9558249288084623707
0.9325093035252762785
0.9289062494581569185
0.9246890815929267315
0.9179846122932859842
0.9088167810286337245
0.8974901169893780839
0.8840496450276827956
0.8675449459361718185
0.8452936849194034874
0.8124929837839307556
0.762690251919274087
0.6899436176105121499
0.59350946267747684
0.4838219951203858171
0.3830936203911193827
0.3122927668311229477
0.2746436918942462002
0.258706828209991635
0.2528769282127206752
0.2509104918815998619
0.25027841016789798
0.2500824257157934771
0.2500236226221502212
0.2500065483867796035
0.2500017543114377849
0.2500004538477044735
0.2500001133081844462
0.2500000272850116945
0.2500000063343483792
0.2500000014171914753
0.2500000003054644315
0.2500000000634119424
0.2500000000126748056
0.2500000000024388269
0.2500000000004516387
0.2500000000000804912
0.2500000000000138778
0.2500000000000023315
0.2500000000000004441
0.250000000000000111
0.2500000000000000555
0.2500000000000000555
0.2500000000000000555
0.2500000000000000555
0.2500000000000000555
0.2500000000000000555
0.2500000000000000555
0.2500000000000000555
0.2500000000000000555
0.2500000000000000555
0.2500000000000000555
0.2500000000000000555
