1
1
1
1
1
1
1
1
1
1
1
1
1
1
1
1
1
1
1
1
1
1
0.999999999999999778
0.9999999999999995559
0.9999999999999984457
0.9999999999999941158
0.9999999999999754641
0.9999999999998991917
0.999999999999601763
0.999999999998471889
0.9999999999943156581
0.9999999999794815242
0.9999999999281579122
0.9999999997560868881
0.9999999991972128299
0.9999999974394438995
0.9999999920880111581
0.9999999763249751705
0.9999999314243639414
0.9999998078104356258
0.9999994790931260313
0.9999986353121630422
0.9999965461452942073
0.9999915606680800373
0.9999801041757350184
0.9999547765494454232
0.9999009635514120031
0.9997912019011977458
0.9995765257568578477
0.9991743816831818448
0.9984536649539347275
0.9972190823791302616
0.9951990603989114836
0.9920429018554406397
0.9873326168407832171
0.9806119726909909851
0.9714302681056530275
0.9593930855737511365
0.9442093204183082955
0.9257246077693637165
0.9039353937615928203
0.8789833216453439846
0.8511341210997245277
0.8207475187300024011
0.7882447706521535924
0.7540790139903749134
0.7187117166667582602
0.6825968447735258904
0.6461734221102322095
0.6098671930729028245
0.5741035582046949415
0.5393376669094489539
0.5061177309809949953
0.4752184317824444948
0.4479611611817451156
0.4269318986773888991
0.4164663481537924095
0.4138378064466544659
0.4106870070658945604
0.4053488710197343803
0.3970553155602117301
0.3853205588617694688
0.3702338311116276093
0.3526072866865158639
0.3338498580183304476
0.3156013657304440612
0.2992811037043034972
0.2857292035271332686
0.2750435937635302697
0.2666073659185498879
0.2592370363067073025
0.2513674180677160086
0.2412601373023396667
0.2273270612697578796
0.2087486900548392033
0.1864500558613033099
0.1638086507007272263
0.1454797294927256124
0.1340737452845752187
0.1285277542241034798
0.1262698527577240659
0.1254381366760560224
0.1251471126663059041
0.1250483130457441527
0.1250155346768572207
0.1250048889318159107
0.1250015047980104765
0.1250004526380774639
0.1250001329582347553
0.1250000381147359785
0.1250000106572894953
0.1250000029052029671
0.1250000007718169159
0.1250000001997654264
0.1250000000503591058
0.1250000000123621113
0.1250000000029544145
0.1250000000006872836
0.1250000000001556533
0.1250000000000342226
0.1250000000000073275
0.1250000000000015266
0.1250000000000003053
0.1250000000000000555
0.125
0.125
0.125
0.125
