0
0
0
0
0
0
0
0
0
0
0
0
0
0
0
0
0
0
0
0
0
0
0
0
0
0
0
0
0
0
0
0
0
0
0
2.888707141023892746e-17
9.514400599750502264e-17
5.200947401405979603e-16
3.366758011406335732e-15
2.145990540090570906e-14
1.30057530819932287e-13
7.48678825332923359e-13
4.090208333340732363e-12
2.120999788523624041e-11
1.044158399494987001e-10
4.880376605836328122e-10
2.165590399923885206e-09
9.121415244407488394e-09
3.64575997411915971e-08
1.382226607636146185e-07
4.968295039017660256e-07
1.691950170566734857e-06
5.454753886370013286e-06
1.66326814619954005e-05
4.791537897304983201e-05
0.0001302484459510816082
0.0003336207816676776006
0.0008040246206141206126
0.001820387015121714344
0.003866596721053220526
0.007696558052093906491
0.01434983092129849848
0.02506776774239186101
0.04108384530028855175
0.06331843921787527751
0.09206822557127261608
0.1268009417086168877
0.1661291740003877915
0.2079658560607127171
0.2498026734083753364
0.2890293103538857933
0.3232237483339258644
0.3503839749981191298
0.3689479289136590179
0.3783991106839297847
0.3792573216273523729
0.3727030459438568366
0.3599268053697124436
0.341200088776898558
0.3176786231703185859
0.2918073187882962993
0.2658113714467386091
0.240074630179621662
0.2124960143034071991
0.1794789171597740429
0.138748915792944405
0.09309462477224389465
0.05145017282221509003
0.0228906288425245498
0.008478805543491754054
0.002795987688708152785
0.0008617117473242184899
0.000253187038500799432
7.131424594432188996e-05
1.926794890165074665e-05
4.9899508375438349e-06
1.237470887983041416e-06
2.936031979606901958e-07
6.659450757126250504e-08
1.443048844556468754e-08
2.985637751940496799e-09
5.894920618997576645e-10
1.110163204205727996e-10
1.993193767445821029e-11
3.409942701266494552e-12
5.555882190604862012e-13
8.616226191769889158e-14
1.270799306191428801e-14
1.781603341005405776e-15
2.383293294021059429e-16
2.908980015835000996e-17
3.181046912545591249e-18
0
0
0
0
0
0
0
0
0
0
0
0
0
0
0
0
